0001 41 05 04 52 30 33 11/03/1996
0002 09 39 37 49 43 41 18/03/1996
0003 36 30 10 11 29 47 25/03/1996
0004 06 59 42 27 01 05 01/04/1996
0005 01 19 46 06 16 02 08/04/1996
0006 19 40 07 13 22 47 15/04/1996
0007 56 38 21 20 03 05 22/04/1996
0008 53 17 38 04 47 37 29/04/1996
0009 55 43 56 54 08 60 06/05/1996
0010 25 04 18 57 21 38 13/05/1996
0011 25 15 58 37 59 38 20/05/1996
0012 20 27 43 16 19 04 27/05/1996
0013 47 32 50 54 18 56 03/06/1996
0014 16 02 27 47 23 53 10/06/1996
0015 60 12 33 52 35 51 17/06/1996
0016 60 58 49 32 20 34 24/06/1996
0017 10 20 06 19 51 13 01/07/1996
0018 37 36 56 27 42 23 08/07/1996
0019 05 25 12 10 60 24 15/07/1996
0020 25 28 30 33 51 11 22/07/1996
0021 49 46 06 53 33 36 29/07/1996
0022 09 38 56 01 31 46 05/08/1996
0023 17 52 51 59 39 37 12/08/1996
0024 01 08 14 28 33 43 19/08/1996
0025 56 50 55 54 24 43 25/08/1996
0026 50 53 57 10 58 22 01/09/1996
0027 44 33 13 51 17 20 08/09/1996
0028 60 06 22 03 24 54 15/09/1996
0029 14 56 58 08 43 03 22/09/1996
0030 38 50 07 29 15 14 29/09/1996
0031 56 19 28 48 17 45 06/10/1996
0032 43 33 14 36 05 44 13/10/1996
0033 05 33 49 17 42 39 20/10/1996
0034 15 13 57 53 40 17 27/10/1996
0035 21 57 16 23 54 04 03/11/1996
0036 13 03 51 17 29 25 10/11/1996
0037 22 06 07 52 38 60 17/11/1996
0038 55 42 10 43 45 54 24/11/1996
0039 16 37 45 52 56 12 01/12/1996
0040 03 12 46 05 47 08 08/12/1996
0041 38 26 35 39 12 47 15/12/1996
0042 24 36 19 33 07 11 22/12/1996
0043 02 58 25 06 26 17 29/12/1996
0044 47 38 18 14 29 44 05/01/1997
0045 30 07 37 55 44 53 12/01/1997
0046 32 46 01 60 24 23 19/01/1997
0047 35 17 03 48 25 56 26/01/1997
0048 47 05 34 28 02 50 02/02/1997
0049 33 07 43 35 13 55 09/02/1997
0050 57 44 21 16 58 06 16/02/1997
0051 23 24 42 25 17 47 23/02/1997
0052 58 15 59 30 38 46 02/03/1997
0053 42 13 03 46 38 16 09/03/1997
0054 05 21 09 56 18 36 16/03/1997
0055 29 02 14 38 23 52 23/03/1997
0056 51 35 59 07 20 02 30/03/1997
0057 27 17 16 34 07 59 06/04/1997
0058 30 49 27 37 12 44 13/04/1997
0059 28 13 34 02 08 54 20/04/1997
0060 38 14 21 15 03 20 27/04/1997
0061 59 08 18 29 42 44 04/05/1997
0062 52 13 06 24 08 31 11/05/1997
0063 26 09 41 49 25 40 18/05/1997
0064 08 54 50 60 23 12 25/05/1997
0065 20 01 05 32 25 34 01/06/1997
0066 15 26 12 33 48 13 08/06/1997
0067 47 14 27 52 17 12 15/06/1997
0068 53 13 03 01 12 59 22/06/1997
0069 56 58 34 53 25 45 29/06/1997
0070 40 17 23 43 27 58 06/07/1997
0071 53 16 45 43 33 27 13/07/1997
0072 19 48 43 01 34 44 20/07/1997
0073 57 25 45 28 51 26 27/07/1997
0074 02 24 34 50 38 37 03/08/1997
0075 36 49 37 35 24 21 10/08/1997
0076 33 18 23 08 17 53 17/08/1997
0077 29 54 40 57 49 21 24/08/1997
0078 22 32 46 12 25 31 31/08/1997
0079 43 25 02 13 31 17 07/09/1997
0080 51 40 37 23 48 28 14/09/1997
0081 47 41 10 60 54 23 21/09/1997
0082 51 36 53 29 18 15 28/09/1997
0083 24 16 04 42 57 15 05/10/1997
0084 10 34 04 06 25 40 12/10/1997
0085 47 15 30 37 45 06 19/10/1997
0086 54 21 06 34 36 22 26/10/1997
0087 40 04 28 32 11 05 02/11/1997
0088 45 37 29 04 43 18 09/11/1997
0089 59 42 34 13 44 55 16/11/1997
0090 21 26 40 54 09 52 23/11/1997
0091 60 04 10 35 39 02 30/11/1997
0092 05 23 51 03 01 24 07/12/1997
0093 22 53 31 28 02 36 14/12/1997
0094 28 51 55 18 52 08 21/12/1997
0095 46 60 06 40 50 45 28/12/1997
0096 04 42 58 26 07 40 04/01/1998
0097 56 53 11 14 05 35 11/01/1998
0098 43 33 14 31 35 13 18/01/1998
0099 30 33 24 11 46 60 25/01/1998
0100 46 48 30 14 29 51 01/02/1998
0101 39 01 37 31 29 18 08/02/1998
0102 44 42 37 56 19 20 15/02/1998
0103 09 01 57 07 54 49 22/02/1998
0104 13 01 38 21 52 04 01/03/1998
0105 03 13 31 43 46 49 08/03/1998
0106 24 16 38 05 39 35 15/03/1998
0107 02 24 52 04 16 51 22/03/1998
0108 60 29 34 24 21 59 29/03/1998
0109 54 13 44 49 48 01 04/04/1998
0110 57 58 18 31 43 52 11/04/1998
0111 52 32 04 33 25 22 18/04/1998
0112 37 43 34 20 12 42 25/04/1998
0113 34 54 26 28 55 07 02/05/1998
0114 47 54 18 06 12 37 09/05/1998
0115 06 14 24 20 04 38 16/05/1998
0116 36 42 32 05 13 51 23/05/1998
0117 53 42 27 20 33 25 30/05/1998
0118 22 57 37 09 25 56 06/06/1998
0119 47 21 01 50 36 38 13/06/1998
0120 46 45 16 40 27 03 20/06/1998
0121 53 41 44 02 29 55 27/06/1998
0122 20 43 39 11 53 17 04/07/1998
0123 13 42 16 32 14 26 11/07/1998
0124 52 05 34 57 15 41 18/07/1998
0125 56 47 25 59 53 41 25/07/1998
0126 32 28 06 10 11 40 01/08/1998
0127 59 21 51 54 29 50 08/08/1998
0128 23 43 03 21 09 18 15/08/1998
0129 46 54 10 09 01 32 22/08/1998
0130 13 42 38 49 53 29 29/08/1998
0131 30 09 17 27 04 44 05/09/1998
0132 44 35 50 41 09 07 12/09/1998
0133 19 57 06 39 34 05 19/09/1998
0134 60 32 25 36 52 04 26/09/1998
0135 35 40 21 59 53 22 03/10/1998
0136 17 25 45 38 01 59 10/10/1998
0137 26 15 16 22 19 49 17/10/1998
0138 41 14 37 05 40 27 24/10/1998
0139 26 27 13 42 41 03 31/10/1998
0140 55 31 46 44 41 07 07/11/1998
0141 10 22 42 13 41 58 14/11/1998
0142 20 59 19 54 15 08 21/11/1998
0143 40 18 06 20 50 53 28/11/1998
0144 08 32 44 36 45 55 05/12/1998
0145 43 15 41 51 16 31 12/12/1998
0146 51 34 25 60 42 32 19/12/1998
0147 24 06 38 23 28 16 24/12/1998
0148 32 55 59 41 58 35 31/12/1998
0149 11 45 48 07 28 20 09/01/1999
0150 50 44 12 55 52 54 16/01/1999
0151 03 43 16 56 52 20 23/01/1999
0152 12 05 15 51 58 29 30/01/1999
0153 47 02 31 42 45 30 06/02/1999
0154 08 10 24 33 45 48 13/02/1999
0155 12 32 44 43 35 30 20/02/1999
0156 52 23 42 17 55 49 27/02/1999
0157 17 13 04 44 41 21 06/03/1999
0158 58 43 51 14 17 04 13/03/1999
0159 16 09 50 58 11 35 20/03/1999
0160 13 42 52 58 02 54 27/03/1999
0161 25 37 30 39 06 41 03/04/1999
0162 23 33 51 38 48 21 10/04/1999
0163 41 56 27 36 53 08 17/04/1999
0164 04 19 14 10 44 28 24/04/1999
0165 39 56 19 23 10 35 01/05/1999
0166 60 57 59 13 12 22 08/05/1999
0167 01 38 48 28 11 33 15/05/1999
0168 45 02 35 09 50 31 22/05/1999
0169 52 51 37 13 21 01 29/05/1999
0170 07 51 55 41 58 46 05/06/1999
0171 54 27 04 43 40 46 12/06/1999
0172 49 36 14 26 35 10 19/06/1999
0173 29 28 49 17 42 50 26/06/1999
0174 11 52 22 23 36 59 03/07/1999
0175 10 20 13 01 42 50 10/07/1999
0176 28 04 01 45 53 03 17/07/1999
0177 35 22 39 41 59 38 24/07/1999
0178 05 27 19 26 15 33 31/07/1999
0179 06 53 05 26 27 23 07/08/1999
0180 39 06 29 60 51 23 14/08/1999
0181 33 01 55 35 51 27 21/08/1999
0182 46 60 05 10 28 03 28/08/1999
0183 16 11 07 40 44 02 04/09/1999
0184 09 60 21 16 41 34 11/09/1999
0185 59 17 22 46 43 55 18/09/1999
0186 24 26 51 25 14 23 25/09/1999
0187 06 44 58 41 36 48 02/10/1999
0188 34 42 43 46 27 17 10/10/1999
0189 41 53 38 04 31 15 16/10/1999
0190 32 40 42 21 10 05 24/10/1999
0191 58 05 41 03 01 23 31/10/1999
0192 01 60 26 41 28 54 06/11/1999
0193 12 04 11 49 43 19 13/11/1999
0194 32 42 43 25 28 33 20/11/1999
0195 17 03 44 37 09 32 27/11/1999
0196 32 17 09 14 24 07 04/12/1999
0197 19 52 29 15 12 05 11/12/1999
0198 40 23 01 18 35 08 18/12/1999
0199 52 37 57 16 10 50 24/12/1999
0200 12 15 44 34 51 19 31/12/1999
0201 55 22 05 30 35 20 08/01/2000
0202 49 53 44 12 24 45 15/01/2000
0203 11 55 44 19 29 47 22/01/2000
0204 31 41 51 39 58 29 29/01/2000
0205 26 32 54 43 46 40 05/02/2000
0206 20 26 56 18 34 51 12/02/2000
0207 19 07 03 55 24 53 19/02/2000
0208 23 15 57 24 47 25 26/02/2000
0209 13 52 32 41 21 26 04/03/2000
0210 37 58 20 38 48 32 11/03/2000
0211 10 20 40 45 50 33 18/03/2000
0212 29 57 15 45 59 06 25/03/2000
0213 03 30 09 35 23 32 01/04/2000
0214 30 12 06 50 35 31 08/04/2000
0215 07 58 28 53 37 46 15/04/2000
0216 35 42 59 18 30 14 22/04/2000
0217 27 32 03 51 49 45 29/04/2000
0218 54 40 42 17 47 12 06/05/2000
0219 26 23 49 28 42 36 13/05/2000
0220 36 53 55 13 60 14 20/05/2000
0221 54 13 58 43 50 27 27/05/2000
0222 05 48 30 55 52 19 03/06/2000
0223 28 24 22 02 58 06 10/06/2000
0224 20 16 18 07 44 21 17/06/2000
0225 21 16 04 37 02 58 24/06/2000
0226 02 50 59 38 49 01 01/07/2000
0227 37 26 27 42 11 48 08/07/2000
0228 16 40 45 59 43 13 15/07/2000
0229 39 45 11 21 33 13 22/07/2000
0230 56 44 41 40 08 53 29/07/2000
0231 16 59 27 42 44 36 05/08/2000
0232 29 19 41 22 37 59 12/08/2000
0233 45 03 24 36 07 32 19/08/2000
0234 15 45 54 25 42 41 26/08/2000
0235 29 41 55 02 31 22 02/09/2000
0236 10 52 50 57 25 60 09/09/2000
0237 36 07 45 31 56 57 16/09/2000
0238 15 09 41 13 37 42 23/09/2000
0239 33 21 44 46 47 06 30/09/2000
0240 59 28 25 41 57 38 07/10/2000
0241 11 57 40 35 56 31 14/10/2000
0242 22 07 04 21 28 56 21/10/2000
0243 20 47 23 32 16 11 28/10/2000
0244 19 60 50 24 47 33 04/11/2000
0245 44 51 27 53 08 60 11/11/2000
0246 02 57 32 43 16 37 18/11/2000
0247 34 03 30 10 23 46 25/11/2000
0248 56 16 34 41 35 32 02/12/2000
0249 21 55 54 40 36 49 09/12/2000
0250 55 25 41 42 43 07 16/12/2000
0251 34 15 23 55 49 30 23/12/2000
0252 17 54 04 51 32 26 30/12/2000
0253 12 11 56 44 24 37 06/01/2001
0254 04 30 56 21 22 01 13/01/2001
0255 32 44 55 19 20 16 20/01/2001
0256 21 52 34 26 02 32 27/01/2001
0257 28 05 01 34 04 19 03/02/2001
0258 12 60 54 07 55 50 10/02/2001
0259 20 43 33 13 15 58 17/02/2001
0260 43 04 60 59 06 33 24/02/2001
0261 05 54 20 56 30 16 03/03/2001
0262 53 60 48 20 58 11 10/03/2001
0263 08 50 26 09 53 43 17/03/2001
0264 05 25 31 13 01 33 24/03/2001
0265 07 50 53 16 41 34 31/03/2001
0266 38 54 48 23 02 46 07/04/2001
0267 58 01 45 55 08 46 14/04/2001
0268 21 10 47 06 05 33 21/04/2001
0269 19 18 52 25 17 49 28/04/2001
0270 45 27 35 40 05 09 05/05/2001
0271 14 31 54 29 26 24 12/05/2001
0272 36 58 09 10 56 24 19/05/2001
0273 47 52 10 27 23 17 26/05/2001
0274 11 39 47 18 13 26 02/06/2001
0275 16 30 19 38 48 37 09/06/2001
0276 53 59 39 45 22 57 16/06/2001
0277 40 26 38 04 56 52 23/06/2001
0278 22 10 18 55 15 31 30/06/2001
0279 31 59 04 58 23 47 07/07/2001
0280 05 16 30 25 58 20 14/07/2001
0281 11 05 47 31 53 38 21/07/2001
0282 33 24 36 09 14 23 28/07/2001
0283 48 34 28 54 25 42 01/08/2001
0284 08 36 14 32 30 07 04/08/2001
0285 50 56 41 12 32 37 08/08/2001
0286 44 37 56 29 47 35 11/08/2001
0287 60 47 03 33 25 13 15/08/2001
0288 50 09 18 11 06 17 18/08/2001
0289 36 06 30 20 07 25 22/08/2001
0290 57 30 07 25 40 26 25/08/2001
0291 22 16 05 41 18 17 29/08/2001
0292 24 34 53 45 23 13 01/09/2001
0293 06 12 35 05 28 07 05/09/2001
0294 28 45 41 22 57 25 08/09/2001
0295 24 44 07 31 12 50 12/09/2001
0296 20 51 42 03 52 46 15/09/2001
0297 20 28 41 01 33 36 19/09/2001
0298 22 34 24 23 05 60 22/09/2001
0299 07 05 02 53 33 49 26/09/2001
0300 27 57 41 38 28 24 29/09/2001
0301 58 26 49 57 48 09 03/10/2001
0302 25 40 12 60 30 41 06/10/2001
0303 07 13 30 37 47 17 10/10/2001
0304 42 07 11 34 59 41 13/10/2001
0305 11 05 27 60 38 53 17/10/2001
0306 30 19 57 41 56 47 20/10/2001
0307 26 17 13 41 16 44 24/10/2001
0308 55 25 04 11 29 39 27/10/2001
0309 39 50 25 55 11 04 31/10/2001
0310 28 14 29 02 31 32 03/11/2001
0311 32 22 24 41 30 38 07/11/2001
0312 14 30 50 41 47 23 10/11/2001
0313 14 38 53 24 16 37 14/11/2001
0314 05 32 40 58 37 34 17/11/2001
0315 50 21 43 12 28 22 21/11/2001
0316 28 51 56 06 24 43 24/11/2001
0317 27 20 48 16 30 35 28/11/2001
0318 19 53 40 03 31 20 01/12/2001
0319 12 16 23 17 19 48 05/12/2001
0320 20 53 47 50 22 27 08/12/2001
0321 11 31 32 48 49 04 12/12/2001
0322 18 11 29 44 47 56 15/12/2001
0323 31 49 54 33 26 40 19/12/2001
0324 22 08 30 15 47 25 22/12/2001
0325 04 23 03 01 21 53 29/12/2001
0326 52 23 40 51 44 21 05/01/2002
0327 46 38 29 33 32 48 09/01/2002
0328 51 05 23 07 14 21 12/01/2002
0329 24 11 40 12 35 10 16/01/2002
0330 02 04 23 37 14 51 19/01/2002
0331 27 01 35 20 37 13 23/01/2002
0332 28 23 42 29 44 34 26/01/2002
0333 35 27 53 44 52 04 30/01/2002
0334 41 26 51 14 24 23 02/02/2002
0335 43 33 57 23 59 07 06/02/2002
0336 02 18 54 22 30 26 09/02/2002
0337 31 52 14 54 16 04 16/02/2002
0338 48 46 09 01 36 04 20/02/2002
0339 13 16 12 05 27 50 23/02/2002
0340 10 60 42 09 33 12 27/02/2002
0341 56 23 22 43 16 05 02/03/2002
0342 29 49 54 51 16 34 06/03/2002
0343 04 06 07 24 12 41 09/03/2002
0344 33 36 12 35 10 14 13/03/2002
0345 56 11 58 46 51 22 16/03/2002
0346 56 07 46 60 41 12 20/03/2002
0347 26 10 52 01 12 48 23/03/2002
0348 39 40 33 52 19 30 27/03/2002
0349 09 38 32 08 54 28 30/03/2002
0350 23 30 43 10 15 57 03/04/2002
0351 15 16 59 60 24 41 06/04/2002
0352 49 07 47 25 20 44 10/04/2002
0353 60 46 30 55 23 19 13/04/2002
0354 40 52 38 16 07 41 17/04/2002
0355 02 37 22 60 14 23 20/04/2002
0356 54 19 05 58 56 21 24/04/2002
0357 45 53 32 02 30 35 27/04/2002
0358 40 42 32 12 21 17 04/05/2002
0359 31 54 20 29 13 19 08/05/2002
0360 47 24 29 55 53 23 11/05/2002
0361 41 28 45 31 16 59 15/05/2002
0362 37 20 33 46 07 56 18/05/2002
0363 39 54 29 49 47 19 22/05/2002
0364 59 44 29 05 51 57 25/05/2002
0365 52 19 34 37 58 23 29/05/2002
0366 06 04 51 07 21 15 01/06/2002
0367 52 49 27 33 12 10 05/06/2002
0368 13 50 38 32 44 29 08/06/2002
0369 21 42 01 60 35 14 12/06/2002
0370 51 42 04 54 01 40 15/06/2002
0371 23 33 39 04 60 18 19/06/2002
0372 24 17 46 57 16 39 22/06/2002
0373 31 33 24 10 05 01 26/06/2002
0374 54 02 26 05 44 16 29/06/2002
0375 51 09 42 05 58 01 03/07/2002
0376 25 13 10 43 35 48 06/07/2002
0377 46 19 03 45 12 27 10/07/2002
0378 55 45 48 41 05 38 13/07/2002
0379 41 55 24 59 33 40 17/07/2002
0380 47 22 13 30 31 57 20/07/2002
0381 09 56 46 28 10 55 24/07/2002
0382 54 38 53 31 37 34 27/07/2002
0383 48 22 53 56 50 14 31/07/2002
0384 28 50 47 24 40 52 03/08/2002
0385 22 12 24 18 05 16 07/08/2002
0386 39 54 43 36 17 35 10/08/2002
0387 29 28 48 47 43 22 14/08/2002
0388 52 48 53 58 23 36 17/08/2002
0389 46 14 54 18 43 05 21/08/2002
0390 07 22 34 12 38 53 24/08/2002
0391 07 15 35 16 40 04 28/08/2002
0392 49 47 39 31 15 23 31/08/2002
0393 12 50 36 06 35 40 04/09/2002
0394 15 49 42 05 45 35 07/09/2002
0395 11 58 31 14 10 20 11/09/2002
0396 47 18 06 45 34 42 14/09/2002
0397 32 24 02 05 01 46 18/09/2002
0398 28 07 16 37 36 22 21/09/2002
0399 59 55 16 27 47 11 25/09/2002
0400 29 59 13 10 54 28 28/09/2002
0401 50 18 44 53 11 43 02/10/2002
0402 27 43 58 05 16 56 05/10/2002
0403 46 31 07 16 60 27 09/10/2002
0404 24 38 58 01 40 28 12/10/2002
0405 57 60 34 24 29 47 16/10/2002
0406 47 32 48 12 38 02 19/10/2002
0407 49 02 18 51 22 57 23/10/2002
0408 49 44 33 28 56 14 26/10/2002
0409 26 49 25 18 31 34 30/10/2002
0410 31 55 36 24 08 38 02/11/2002
0411 10 56 12 31 45 38 06/11/2002
0412 45 05 14 21 59 12 09/11/2002
0413 35 53 29 33 02 04 13/11/2002
0414 35 26 58 52 45 16 16/11/2002
0415 38 44 04 01 27 42 20/11/2002
0416 13 01 23 56 54 33 23/11/2002
0417 25 07 12 21 42 34 27/11/2002
0418 45 08 32 49 15 52 30/11/2002
0419 41 42 52 53 16 09 04/12/2002
0420 43 12 59 30 57 29 07/12/2002
0421 38 45 35 37 05 51 11/12/2002
0422 60 12 56 37 55 43 14/12/2002
0423 08 22 33 40 32 53 18/12/2002
0424 29 36 27 18 59 46 21/12/2002
0425 06 16 10 34 47 42 28/12/2002
0426 07 32 54 50 30 37 04/01/2003
0427 51 13 43 24 03 14 08/01/2003
0428 60 08 32 28 46 30 11/01/2003
0429 55 32 17 36 26 43 15/01/2003
0430 50 21 10 25 38 08 18/01/2003
0431 58 26 40 37 47 52 22/01/2003
0432 50 17 13 27 04 39 25/01/2003
0433 36 17 28 16 54 30 29/01/2003
0434 24 17 04 54 30 10 01/02/2003
0435 37 11 17 31 43 10 05/02/2003
0436 01 06 57 29 48 07 08/02/2003
0437 54 10 59 44 30 07 12/02/2003
0438 38 48 14 03 11 05 15/02/2003
0439 42 13 20 29 43 57 19/02/2003
0440 46 23 30 47 05 03 22/02/2003
0441 02 15 58 10 59 21 26/02/2003
0442 15 31 23 06 59 37 01/03/2003
0443 11 36 17 26 52 48 08/03/2003
0444 48 52 57 24 03 33 12/03/2003
0445 31 50 07 53 32 20 15/03/2003
0446 11 20 08 47 12 17 19/03/2003
0447 24 55 15 33 25 42 22/03/2003
0448 05 03 52 45 09 51 26/03/2003
0449 34 56 24 01 49 08 29/03/2003
0450 59 51 13 01 09 50 02/04/2003
0451 23 18 31 17 53 28 05/04/2003
0452 54 11 51 16 36 30 09/04/2003
0453 58 52 08 34 20 23 12/04/2003
0454 04 17 42 56 46 24 16/04/2003
0455 50 15 17 02 14 59 19/04/2003
0456 17 40 22 27 33 03 23/04/2003
0457 48 15 24 27 17 32 26/04/2003
0458 43 53 13 32 34 24 30/04/2003
0459 43 17 08 15 49 39 03/05/2003
0460 19 55 30 23 37 49 07/05/2003
0461 30 17 20 29 15 60 10/05/2003
0462 27 48 17 19 26 22 14/05/2003
0463 07 18 02 45 03 53 17/05/2003
0464 06 33 45 38 24 50 21/05/2003
0465 46 31 01 57 22 51 24/05/2003
0466 28 16 45 29 30 11 28/05/2003
0467 38 21 08 22 18 60 31/05/2003
0468 23 06 25 39 51 05 04/06/2003
0469 29 47 42 21 13 26 07/06/2003
0470 51 58 23 11 08 37 11/06/2003
0471 51 59 31 05 36 32 14/06/2003
0472 12 03 38 29 51 04 18/06/2003
0473 51 07 58 49 23 41 21/06/2003
0474 34 03 12 50 32 40 25/06/2003
0475 19 06 43 52 08 22 28/06/2003
0476 38 43 20 55 17 58 02/07/2003
0477 47 34 08 06 18 38 05/07/2003
0478 30 08 31 03 21 25 09/07/2003
0479 20 54 58 26 41 46 12/07/2003
0480 36 38 33 14 49 41 16/07/2003
0481 42 06 24 44 22 13 19/07/2003
0482 13 56 12 33 53 54 23/07/2003
0483 16 23 35 18 44 59 26/07/2003
0484 53 19 38 18 17 49 30/07/2003
0485 38 28 52 30 19 57 02/08/2003
0486 50 42 19 08 30 14 06/08/2003
0487 25 22 48 52 54 08 09/08/2003
0488 30 39 35 43 15 57 13/08/2003
0489 28 36 17 53 33 59 16/08/2003
0490 05 11 29 54 23 58 20/08/2003
0491 22 43 15 55 09 01 23/08/2003
0492 57 02 15 06 56 18 27/08/2003
0493 54 20 03 18 42 24 30/08/2003
0494 28 32 49 53 18 20 03/09/2003
0495 36 15 60 08 29 49 06/09/2003
0496 41 20 19 29 59 10 10/09/2003
0497 09 41 32 13 58 20 13/09/2003
0498 49 28 02 06 57 50 17/09/2003
0499 59 01 11 05 44 04 20/09/2003
0500 35 21 54 29 38 36 27/09/2003
0501 34 27 56 28 16 39 01/10/2003
0502 50 07 33 21 24 13 04/10/2003
0503 10 21 48 27 49 07 08/10/2003
0504 39 19 11 08 50 30 11/10/2003
0505 47 20 52 03 46 28 15/10/2003
0506 31 37 34 15 38 04 18/10/2003
0507 44 58 05 27 33 03 22/10/2003
0508 46 56 05 15 45 10 25/10/2003
0509 32 55 34 35 28 33 29/10/2003
0510 30 45 58 01 04 41 01/11/2003
0511 08 36 34 37 03 04 05/11/2003
0512 08 40 58 04 53 31 08/11/2003
0513 46 10 27 19 33 39 12/11/2003
0514 15 52 40 36 51 42 15/11/2003
0515 39 16 57 15 45 48 19/11/2003
0516 24 05 34 13 35 33 22/11/2003
0517 51 32 08 28 38 07 26/11/2003
0518 44 08 05 15 18 10 29/11/2003
0519 09 36 15 19 42 22 03/12/2003
0520 32 34 17 35 09 12 06/12/2003
0521 28 32 38 25 15 45 10/12/2003
0522 49 52 15 25 14 06 13/12/2003
0523 45 58 40 39 28 44 17/12/2003
0524 47 29 34 48 19 41 20/12/2003
0525 26 32 24 49 08 10 27/12/2003
0526 03 59 21 36 55 31 03/01/2004
0527 17 14 50 52 06 26 07/01/2004
0528 34 28 37 12 08 31 10/01/2004
0529 56 45 13 33 38 01 14/01/2004
0530 32 21 25 01 06 49 17/01/2004
0531 03 01 35 07 18 50 21/01/2004
0532 13 04 12 53 09 52 24/01/2004
0533 27 18 13 59 21 53 28/01/2004
0534 48 57 23 08 31 03 31/01/2004
0535 49 14 47 56 06 28 04/02/2004
0536 14 22 25 15 37 23 07/02/2004
0537 37 03 19 34 39 07 11/02/2004
0538 45 43 56 25 52 03 14/02/2004
0539 16 50 55 06 47 19 18/02/2004
0540 22 04 30 44 28 49 21/02/2004
0541 58 57 27 13 49 52 28/02/2004
0542 49 04 19 28 35 06 03/03/2004
0543 35 54 37 42 49 46 06/03/2004
0544 11 33 56 47 17 34 10/03/2004
0545 43 35 57 29 40 17 13/03/2004
0546 46 04 54 17 13 05 17/03/2004
0547 04 59 13 53 28 30 20/03/2004
0548 51 49 14 47 59 58 24/03/2004
0549 13 51 58 22 46 08 27/03/2004
0550 17 56 16 38 39 45 31/03/2004
0551 56 48 57 21 12 46 03/04/2004
0552 22 54 52 47 49 09 07/04/2004
0553 43 46 58 53 54 04 10/04/2004
0554 47 29 31 15 60 42 14/04/2004
0555 49 05 23 33 45 31 17/04/2004
0556 08 45 30 33 17 10 21/04/2004
0557 18 49 38 23 08 12 24/04/2004
0558 59 57 07 58 31 14 28/04/2004
0559 53 25 36 13 17 06 01/05/2004
0560 32 18 11 30 02 58 05/05/2004
0561 39 49 36 20 55 01 08/05/2004
0562 37 35 23 16 57 55 12/05/2004
0563 34 08 23 44 51 05 15/05/2004
0564 38 13 32 20 10 49 19/05/2004
0565 31 37 35 07 45 34 22/05/2004
0566 17 06 20 18 13 37 26/05/2004
0567 57 58 11 38 41 31 29/05/2004
0568 25 41 17 29 13 22 02/06/2004
0569 32 15 14 09 03 57 05/06/2004
0570 35 32 36 33 51 15 09/06/2004
0571 14 31 12 13 51 50 12/06/2004
0572 33 03 20 60 09 16 16/06/2004
0573 59 29 17 06 40 22 19/06/2004
0574 32 23 02 10 44 17 23/06/2004
0575 18 29 21 48 35 05 26/06/2004
0576 18 43 52 39 07 08 30/06/2004
0577 31 47 28 23 08 24 03/07/2004
0578 48 03 58 18 56 23 07/07/2004
0579 15 34 39 17 04 09 10/07/2004
0580 38 16 18 28 15 47 14/07/2004
0581 30 25 52 14 39 17 17/07/2004
0582 13 40 29 59 45 51 21/07/2004
0583 55 06 41 20 43 07 24/07/2004
0584 30 53 23 07 32 08 28/07/2004
0585 24 39 12 33 57 36 31/07/2004
0586 45 38 13 11 54 39 04/08/2004
0587 30 02 36 18 60 29 07/08/2004
0588 45 13 46 55 53 11 11/08/2004
0589 13 07 33 59 06 08 14/08/2004
0590 25 51 05 18 04 28 18/08/2004
0591 58 03 18 50 34 01 21/08/2004
0592 55 14 59 47 13 42 25/08/2004
0593 27 29 01 59 25 49 28/08/2004
0594 10 53 55 29 13 47 01/09/2004
0595 54 02 43 01 50 25 04/09/2004
0596 43 60 28 11 54 14 08/09/2004
0597 42 40 27 22 56 29 11/09/2004
0598 05 16 53 38 50 34 15/09/2004
0599 06 45 51 09 23 04 18/09/2004
0600 18 39 54 34 31 16 22/09/2004
0601 37 19 29 30 10 22 25/09/2004
0602 38 60 13 07 55 46 29/09/2004
0603 04 08 11 29 12 44 02/10/2004
0604 41 49 51 25 15 46 06/10/2004
0605 44 52 53 04 49 24 09/10/2004
0606 41 06 23 55 32 35 13/10/2004
0607 06 59 11 27 19 41 16/10/2004
0608 30 06 37 19 24 13 20/10/2004
0609 15 02 59 60 06 58 23/10/2004
0610 25 49 30 43 47 45 27/10/2004
0611 22 21 33 16 48 49 30/10/2004
0612 55 33 15 50 53 18 03/11/2004
0613 54 55 13 44 06 19 06/11/2004
0614 60 31 12 48 57 16 10/11/2004
0615 27 31 08 10 51 05 13/11/2004
0616 24 16 26 54 12 02 17/11/2004
0617 25 05 49 36 33 03 20/11/2004
0618 60 10 03 08 24 13 24/11/2004
0619 16 12 46 14 08 19 27/11/2004
0620 22 01 29 13 32 03 01/12/2004
0621 29 31 50 26 57 49 04/12/2004
0622 59 27 19 29 50 38 08/12/2004
0623 42 23 55 30 09 49 11/12/2004
0624 39 23 34 52 08 43 15/12/2004
0625 59 12 32 42 24 40 18/12/2004
0626 49 08 22 18 07 39 22/12/2004
0627 19 13 45 58 56 01 29/12/2004
0628 08 16 22 56 58 30 05/01/2005
0629 40 47 39 16 51 15 08/01/2005
0630 16 53 20 60 12 45 12/01/2005
0631 01 28 47 20 44 32 15/01/2005
0632 02 54 48 51 19 28 19/01/2005
0633 27 46 05 50 11 22 22/01/2005
0634 13 41 24 42 10 56 26/01/2005
0635 49 42 37 08 20 26 29/01/2005
0636 30 32 34 50 28 26 02/02/2005
0637 52 58 43 48 11 18 05/02/2005
0638 42 10 50 41 11 36 12/02/2005
0639 51 39 35 60 45 13 16/02/2005
0640 12 42 59 46 19 60 19/02/2005
0641 17 13 33 09 01 34 23/02/2005
0642 51 17 56 36 44 40 26/02/2005
0643 14 45 24 37 40 42 02/03/2005
0644 57 29 31 27 34 14 05/03/2005
0645 52 48 24 53 54 03 09/03/2005
0646 13 47 60 32 49 10 12/03/2005
0647 56 19 11 14 12 54 16/03/2005
0648 05 48 23 42 45 29 19/03/2005
0649 09 54 41 48 33 24 23/03/2005
0650 53 59 25 29 10 24 26/03/2005
0651 39 45 28 26 48 60 30/03/2005
0652 24 18 57 56 10 20 02/04/2005
0653 31 24 19 34 09 05 06/04/2005
0654 10 11 56 40 41 06 09/04/2005
0655 26 39 01 37 43 48 13/04/2005
0656 59 37 46 36 35 51 16/04/2005
0657 20 59 58 33 60 16 20/04/2005
0658 41 20 36 03 11 06 23/04/2005
0659 14 29 40 34 51 52 27/04/2005
0660 53 05 38 54 46 11 30/04/2005
0661 42 40 27 04 55 36 04/05/2005
0662 04 60 56 25 18 23 07/05/2005
0663 01 49 30 55 27 51 11/05/2005
0664 12 01 55 59 38 36 14/05/2005
0665 08 47 07 48 25 18 18/05/2005
0666 07 26 16 29 45 55 21/05/2005
0667 05 23 16 04 49 01 25/05/2005
0668 49 33 56 02 14 01 28/05/2005
0669 07 41 24 40 49 27 01/06/2005
0670 42 59 58 37 48 22 04/06/2005
0671 27 16 39 51 09 38 08/06/2005
0672 43 34 53 38 28 24 11/06/2005
0673 06 40 37 11 20 34 15/06/2005
0674 22 32 18 29 42 38 18/06/2005
0675 50 42 30 25 43 24 22/06/2005
0676 49 32 15 09 41 42 25/06/2005
0677 25 10 48 08 32 55 29/06/2005
0678 44 46 31 14 40 42 02/07/2005
0679 37 21 54 03 58 25 06/07/2005
0680 44 02 26 05 03 22 09/07/2005
0681 59 21 53 25 58 38 13/07/2005
0682 60 37 47 36 04 27 16/07/2005
0683 43 40 12 11 02 35 20/07/2005
0684 50 37 33 40 19 17 23/07/2005
0685 33 27 05 56 12 43 27/07/2005
0686 33 05 04 54 15 26 30/07/2005
0687 59 48 01 07 41 14 03/08/2005
0688 47 30 52 11 21 35 06/08/2005
0689 06 60 07 31 49 51 10/08/2005
0690 15 41 08 47 12 53 13/08/2005
0691 55 16 58 08 37 50 17/08/2005
0692 33 18 60 11 58 57 20/08/2005
0693 14 50 41 17 31 13 24/08/2005
0694 15 19 29 53 37 41 27/08/2005
0695 13 40 21 52 06 11 31/08/2005
0696 37 16 34 57 53 09 03/09/2005
0697 53 35 32 31 28 51 10/09/2005
0698 22 08 27 43 55 12 14/09/2005
0699 53 17 50 23 54 48 19/09/2005
0700 02 03 24 40 31 14 21/09/2005
0701 13 01 31 23 60 48 24/09/2005
0702 01 56 18 58 45 57 28/09/2005
0703 30 24 02 45 11 27 01/10/2005
0704 02 27 50 34 18 04 05/10/2005
0705 03 15 11 13 26 43 08/10/2005
0706 22 10 17 07 02 60 15/10/2005
0707 51 08 01 43 10 36 19/10/2005
0708 45 13 39 47 09 07 22/10/2005
0709 29 22 44 09 06 04 26/10/2005
0710 46 25 05 49 39 34 29/10/2005
0711 10 05 41 59 40 33 05/11/2005
0712 35 07 53 58 08 43 09/11/2005
0713 46 01 26 16 12 54 12/11/2005
0714 17 53 39 08 07 35 16/11/2005
0715 54 36 12 04 33 24 19/11/2005
0716 29 02 07 50 16 32 23/11/2005
0717 28 35 41 17 06 23 26/11/2005
0718 07 35 21 39 58 33 30/11/2005
0719 39 47 37 53 32 03 03/12/2005
0720 12 56 44 51 31 54 07/12/2005
0721 14 03 23 55 36 25 10/12/2005
0722 60 36 57 18 44 09 14/12/2005
0723 16 06 52 01 36 50 17/12/2005
0724 34 51 55 17 48 27 21/12/2005
0725 49 09 03 35 37 41 31/12/2005
0726 40 47 01 05 07 37 04/01/2006
0727 14 42 12 04 59 30 07/01/2006
0728 44 42 13 08 24 32 11/01/2006
0729 33 56 18 57 43 05 14/01/2006
0730 45 15 02 54 16 50 18/01/2006
0731 35 06 15 23 28 16 21/01/2006
0732 49 19 53 50 17 06 25/01/2006
0733 12 26 31 43 46 02 28/01/2006
0734 44 45 27 29 43 54 01/02/2006
0735 40 42 15 52 38 09 04/02/2006
0736 01 21 38 41 56 49 08/02/2006
0737 33 12 24 38 11 32 11/02/2006
0738 15 30 14 42 26 54 15/02/2006
0739 06 45 56 49 35 10 18/02/2006
0740 29 47 12 50 16 28 22/02/2006
0741 26 39 27 24 59 36 25/02/2006
0742 34 17 07 41 02 50 01/03/2006
0743 54 20 32 60 25 23 04/03/2006
0744 26 46 12 23 39 04 08/03/2006
0745 21 57 37 16 43 02 11/03/2006
0746 49 12 10 57 25 01 15/03/2006
0747 21 23 56 12 03 02 18/03/2006
0748 01 07 19 51 35 02 22/03/2006
0749 24 47 04 57 48 50 25/03/2006
0750 58 17 54 10 42 33 29/03/2006
0751 04 25 38 50 20 07 01/04/2006
0752 25 04 29 42 24 23 05/04/2006
0753 59 35 43 22 07 02 08/04/2006
0754 04 42 34 50 03 13 12/04/2006
0755 59 30 47 12 04 49 15/04/2006
0756 37 50 41 05 38 27 19/04/2006
0757 17 32 12 18 58 30 22/04/2006
0758 47 59 01 23 36 43 26/04/2006
0759 59 39 30 31 48 45 29/04/2006
0760 12 17 60 44 46 45 03/05/2006
0761 56 29 17 13 27 40 06/05/2006
0762 39 09 21 12 37 54 10/05/2006
0763 40 47 01 48 09 26 13/05/2006
0764 07 03 55 47 53 45 18/05/2006
0765 03 37 50 16 30 10 21/05/2006
0766 01 50 19 42 24 58 24/05/2006
0767 22 50 32 38 54 15 27/05/2006
0768 33 37 59 30 04 08 31/05/2006
0769 20 21 50 29 12 16 03/06/2006
0770 04 34 25 35 48 12 07/06/2006
0771 29 46 34 47 21 14 10/06/2006
0772 38 51 52 60 10 35 14/06/2006
0773 03 05 51 29 34 14 17/06/2006
0774 37 05 54 58 46 10 21/06/2006
0775 27 12 46 47 42 50 24/06/2006
0776 57 35 60 41 03 15 28/06/2006
0777 14 50 23 02 28 56 01/07/2006
0778 45 20 36 37 31 51 05/07/2006
0779 36 54 52 25 29 26 08/07/2006
0780 10 50 28 51 59 07 12/07/2006
0781 10 54 08 39 56 13 15/07/2006
0782 11 23 59 42 35 02 19/07/2006
0783 43 21 48 08 04 32 22/07/2006
0784 42 56 08 37 27 53 26/07/2006
0785 35 05 37 08 48 17 29/07/2006
0786 27 31 26 11 10 41 02/08/2006
0787 37 31 20 60 34 54 05/08/2006
0788 31 57 17 19 29 44 09/08/2006
0789 60 39 31 38 06 50 12/08/2006
0790 22 02 19 28 43 06 16/08/2006
0791 42 35 19 09 14 58 19/08/2006
0792 43 56 09 45 29 34 23/08/2006
0793 03 51 33 15 16 57 26/08/2006
0794 56 47 55 38 42 03 30/08/2006
0795 14 36 21 29 26 48 02/09/2006
0796 19 24 43 34 39 05 06/09/2006
0797 58 48 52 47 12 06 09/09/2006
0798 32 09 04 52 29 03 13/09/2006
0799 29 35 19 57 42 55 16/09/2006
0800 01 07 56 11 37 38 20/09/2006
0801 20 22 11 19 48 42 23/09/2006
0802 14 24 60 06 18 48 27/09/2006
0803 10 57 28 03 05 21 30/09/2006
0804 13 59 37 56 03 47 04/10/2006
0805 30 02 48 60 43 36 07/10/2006
0806 60 41 47 26 35 18 12/10/2006
0807 08 27 02 32 56 49 14/10/2006
0808 15 21 31 46 02 57 18/10/2006
0809 25 23 11 05 30 15 21/10/2006
0810 04 33 01 48 05 37 25/10/2006
0811 32 57 28 41 10 47 28/10/2006
0812 57 39 54 11 38 13 01/11/2006
0813 23 15 56 46 09 45 04/11/2006
0814 11 02 46 50 08 41 08/11/2006
0815 57 50 09 39 37 19 11/11/2006
0816 21 47 40 52 30 20 16/11/2006
0817 34 43 29 30 10 52 18/11/2006
0818 44 41 22 08 09 25 22/11/2006
0819 51 05 58 46 25 19 25/11/2006
0820 17 45 32 21 10 46 29/11/2006
0821 04 29 38 36 33 42 02/12/2006
0822 04 17 41 10 27 52 06/12/2006
0823 15 26 59 01 54 51 09/12/2006
0824 33 48 06 07 20 09 13/12/2006
0825 28 21 40 10 41 47 16/12/2006
0826 45 06 08 07 53 27 19/12/2006
0827 24 56 30 51 42 18 21/12/2006
0828 23 50 53 42 28 38 23/12/2006
0829 32 50 14 47 10 56 31/12/2006
0830 53 51 02 41 13 49 03/01/2007
0831 03 50 48 42 32 33 06/01/2007
0832 17 49 15 33 39 23 10/01/2007
0833 53 58 57 16 46 13 13/01/2007
0834 44 10 17 16 51 34 17/01/2007
0835 58 31 57 49 33 18 20/01/2007
0836 28 22 38 17 52 59 24/01/2007
0837 16 05 24 34 06 60 27/01/2007
0838 09 30 47 38 23 44 31/01/2007
0839 11 18 08 07 37 43 03/02/2007
0840 43 29 35 59 31 17 07/02/2007
0841 36 51 32 22 38 07 10/02/2007
0842 51 44 60 09 07 30 14/02/2007
0843 34 48 01 16 45 36 17/02/2007
0844 54 24 44 57 34 16 24/02/2007
0845 40 48 19 20 14 52 28/02/2007
0846 47 54 02 50 03 44 03/03/2007
0847 42 14 44 27 15 48 07/03/2007
0848 56 34 17 32 47 27 10/03/2007
0849 08 39 09 58 44 49 14/03/2007
0850 60 22 59 25 44 07 17/03/2007
0851 16 32 35 58 19 03 21/03/2007
0852 14 38 06 23 44 34 24/03/2007
0853 51 30 59 46 38 56 28/03/2007
0854 17 03 24 27 44 25 31/03/2007
0855 42 03 24 53 43 31 04/04/2007
0856 11 40 41 47 15 42 07/04/2007
0857 17 59 49 02 03 50 11/04/2007
0858 31 37 54 23 04 18 14/04/2007
0859 46 47 12 57 34 09 18/04/2007
0860 22 08 17 42 44 02 23/04/2007
0861 42 40 60 59 47 39 25/04/2007
0862 19 35 12 02 11 08 28/04/2007
0863 32 53 50 57 15 24 02/05/2007
0864 31 11 33 42 57 08 05/05/2007
0865 27 23 41 51 26 53 09/05/2007
0866 36 48 27 40 05 46 12/05/2007
0867 54 26 28 19 44 10 16/05/2007
0868 57 51 21 22 25 40 19/05/2007
0869 29 42 50 51 49 27 23/05/2007
0870 52 08 43 34 40 21 26/05/2007
0871 17 05 58 01 47 10 30/05/2007
0872 18 55 58 43 31 05 02/06/2007
0873 57 59 04 34 19 30 06/06/2007
0874 59 20 52 42 44 10 09/06/2007
0875 53 18 36 58 24 20 13/06/2007
0876 04 12 41 45 60 08 16/06/2007
0877 13 15 20 31 28 36 20/06/2007
0878 37 12 43 38 11 54 23/06/2007
0879 29 10 46 35 42 28 27/06/2007
0880 51 30 49 25 37 46 30/06/2007
0881 43 24 04 51 18 56 04/07/2007
0882 42 45 44 60 41 17 07/07/2007
0883 21 37 60 32 52 53 11/07/2007
0884 22 11 02 14 39 12 14/07/2007
0885 13 04 31 33 47 51 18/07/2007
0886 50 55 37 33 59 17 21/07/2007
0887 44 12 32 21 01 34 25/07/2007
0888 50 24 40 54 52 60 28/07/2007
0889 34 54 20 39 60 24 01/08/2007
0890 09 21 22 07 17 54 04/08/2007
0891 15 22 19 35 34 16 08/08/2007
0892 01 49 52 42 19 44 11/08/2007
0893 56 53 51 26 18 03 15/08/2007
0894 37 24 44 28 20 41 18/08/2007
0895 02 55 41 43 57 58 22/08/2007
0896 31 11 41 35 22 05 25/08/2007
0897 21 57 46 22 07 43 29/08/2007
0898 04 08 03 54 45 30 01/09/2007
0899 58 18 54 36 53 20 05/09/2007
0900 04 21 59 18 38 34 08/09/2007
0901 32 34 16 13 56 33 12/09/2007
0902 52 55 23 50 58 18 15/09/2007
0903 17 05 32 55 20 41 19/09/2007
0904 32 44 59 53 48 51 22/09/2007
0905 04 15 57 55 02 16 26/09/2007
0906 35 39 29 24 07 14 29/09/2007
0907 09 41 53 37 36 51 03/10/2007
0908 19 01 09 25 50 52 06/10/2007
0909 42 17 26 38 28 22 10/10/2007
0910 53 29 36 03 15 27 13/10/2007
0911 49 46 01 29 06 28 17/10/2007
0912 26 21 54 04 19 29 20/10/2007
0913 30 14 59 36 46 38 24/10/2007
0914 33 51 09 23 45 12 27/10/2007
0915 20 28 49 26 17 48 31/10/2007
0916 33 37 05 38 28 36 03/11/2007
0917 23 59 25 47 46 30 07/11/2007
0918 38 44 08 04 12 52 10/11/2007
0919 43 25 41 60 31 03 14/11/2007
0920 17 57 55 24 52 05 17/11/2007
0921 35 41 01 57 09 48 21/11/2007
0922 41 49 45 19 13 12 24/11/2007
0923 53 39 02 50 57 15 28/11/2007
0924 51 27 60 21 20 02 01/12/2007
0925 52 37 46 08 22 36 05/12/2007
0926 40 41 34 33 21 59 08/12/2007
0927 36 26 31 23 19 33 12/12/2007
0928 32 10 49 60 04 33 15/12/2007
0929 16 49 35 39 57 27 19/12/2007
0930 46 20 55 37 28 49 22/12/2007
0931 17 34 07 36 39 19 31/12/2007
0932 02 21 42 53 36 17 05/01/2008
0933 25 39 45 51 08 14 09/01/2008
0934 25 48 44 03 21 01 12/01/2008
0935 07 45 18 13 29 31 16/01/2008
0936 05 33 14 29 44 22 19/01/2008
0937 22 41 02 30 21 52 23/01/2008
0938 35 15 27 57 50 59 26/01/2008
0939 06 23 19 50 37 49 30/01/2008
0940 25 33 51 31 05 37 02/02/2008
0941 11 15 10 27 60 53 06/02/2008
0942 05 52 18 08 59 42 09/02/2008
0943 47 41 58 03 23 12 13/02/2008
0944 16 58 43 37 52 59 16/02/2008
0945 44 08 59 54 04 27 20/02/2008
0946 59 01 47 05 52 12 23/02/2008
0947 33 11 03 58 14 05 27/02/2008
0948 22 44 41 46 52 54 01/03/2008
0949 44 01 51 52 41 23 05/03/2008
0950 48 59 49 41 42 23 08/03/2008
0951 49 24 39 34 55 14 12/03/2008
0952 54 11 27 18 02 30 15/03/2008
0953 55 48 01 39 16 42 19/03/2008
0954 08 05 24 18 57 33 22/03/2008
0955 35 05 32 21 33 12 26/03/2008
0956 46 51 47 59 54 57 29/03/2008
0957 50 32 25 34 57 24 02/04/2008
0958 13 22 07 33 51 48 05/04/2008
0959 57 03 05 11 33 39 09/04/2008
0960 34 06 33 18 53 19 12/04/2008
0961 16 53 02 04 21 36 16/04/2008
0962 02 48 49 40 55 11 19/04/2008
0963 37 17 15 50 48 59 23/04/2008
0964 42 13 33 20 08 26 26/04/2008
0965 36 39 57 58 05 30 30/04/2008
0966 01 58 26 28 04 41 03/05/2008
0967 18 14 57 30 13 05 07/05/2008
0968 30 04 13 60 51 01 10/05/2008
0969 56 35 50 13 41 25 14/05/2008
0970 57 34 05 54 28 21 17/05/2008
0971 04 14 33 44 11 45 21/05/2008
0972 33 18 15 56 31 34 24/05/2008
0973 53 36 08 30 01 47 28/05/2008
0974 45 20 38 31 16 12 31/05/2008
0975 33 09 37 40 41 30 04/06/2008
0976 28 53 38 23 14 25 07/06/2008
0977 17 03 09 32 07 05 11/06/2008
0978 42 58 12 18 16 27 14/06/2008
0979 28 03 39 51 31 15 18/06/2008
0980 35 17 59 15 36 29 21/06/2008
0981 08 41 53 01 58 34 25/06/2008
0982 12 24 08 40 43 49 28/06/2008
0983 38 45 40 16 32 22 02/07/2008
0984 46 20 04 43 47 10 05/07/2008
0985 04 56 18 59 46 16 09/07/2008
0986 32 06 31 24 15 19 12/07/2008
0987 47 27 13 31 34 58 16/07/2008
0988 48 17 46 56 60 08 19/07/2008
0989 38 21 27 02 29 32 23/07/2008
0990 29 18 02 15 10 39 26/07/2008
0991 08 38 60 41 15 09 30/07/2008
0992 06 08 04 01 25 28 02/08/2008
0993 26 25 42 60 05 24 06/08/2008
0994 44 40 58 29 03 20 09/08/2008
0995 04 54 55 36 16 31 13/08/2008
0996 21 23 20 07 29 15 16/08/2008
0997 18 53 55 32 09 17 20/08/2008
0998 28 21 04 32 03 22 23/08/2008
0999 44 36 55 58 18 24 27/08/2008
1000 49 58 53 39 38 29 30/08/2008
1001 15 37 27 12 60 51 03/09/2008
1002 03 31 07 25 40 58 06/09/2008
1003 10 27 23 05 16 26 10/09/2008
1004 45 47 29 40 44 43 13/09/2008
1005 06 41 04 37 12 42 17/09/2008
1006 48 17 04 33 55 02 20/09/2008
1007 49 27 04 36 52 37 24/09/2008
1008 07 15 42 48 34 13 27/09/2008
1009 34 12 01 06 58 29 01/10/2008
1010 02 46 03 37 13 54 04/10/2008
1011 30 02 52 21 11 35 08/10/2008
1012 47 19 58 14 40 55 11/10/2008
1013 07 09 20 41 12 19 15/10/2008
1014 60 57 09 25 08 41 18/10/2008
1015 49 08 28 03 26 17 22/10/2008
1016 11 09 25 05 60 20 25/10/2008
1017 31 51 19 06 56 34 29/10/2008
1018 55 51 58 09 44 24 01/11/2008
1019 29 47 04 13 46 23 05/11/2008
1020 19 32 52 01 02 39 08/11/2008
1021 42 55 51 43 02 33 12/11/2008
1022 31 21 40 39 56 05 16/11/2008
1023 45 40 02 07 18 08 19/11/2008
1024 28 53 18 39 22 29 22/11/2008
1025 52 40 29 27 28 10 26/11/2008
1026 10 33 51 53 06 17 29/11/2008
1027 20 18 47 44 60 33 03/12/2008
1028 54 26 34 51 20 52 06/12/2008
1029 17 05 16 24 20 32 10/12/2008
1030 57 08 54 01 23 37 13/12/2008
1031 49 33 24 40 46 43 17/12/2008
1032 57 43 15 29 26 16 20/12/2008
1033 39 06 05 33 54 17 24/12/2008
1034 20 42 01 03 49 18 27/12/2008
1035 51 60 01 11 59 26 31/12/2008
1036 27 39 36 10 41 52 03/01/2009
1037 56 36 04 44 46 53 07/01/2009
1038 51 07 06 28 35 43 10/01/2009
1039 52 02 20 27 36 24 14/01/2009
1040 44 01 28 55 06 39 17/01/2009
1041 12 10 36 54 44 57 21/01/2009
1042 25 46 51 18 13 30 24/01/2009
1043 25 14 51 48 60 21 28/01/2009
1044 58 10 39 11 13 35 31/01/2009
1045 31 06 05 17 50 01 04/02/2009
1046 57 40 28 42 54 55 07/02/2009
1047 01 02 10 48 14 08 11/02/2009
1048 57 03 38 21 28 16 14/02/2009
1049 34 17 52 05 02 29 18/02/2009
1050 60 14 45 24 33 26 21/02/2009
1051 57 11 07 43 10 13 25/02/2009
1052 08 11 16 15 57 52 28/02/2009
1053 15 42 27 53 34 49 04/03/2009
1054 41 27 13 60 14 18 07/03/2009
1055 27 32 15 12 20 16 11/03/2009
1056 38 08 50 53 59 06 14/03/2009
1057 15 49 59 04 03 02 18/03/2009
1058 20 51 57 45 24 18 21/03/2009
1059 37 01 14 45 12 16 25/03/2009
1060 01 41 03 18 16 42 28/03/2009
1061 09 41 56 23 21 30 01/04/2009
1062 55 08 02 37 23 33 04/04/2009
1063 49 01 22 47 44 50 08/04/2009
1064 28 04 19 16 49 29 11/04/2009
1065 07 57 19 43 39 30 15/04/2009
1066 10 43 49 32 25 06 18/04/2009
1067 14 10 56 25 04 28 22/04/2009
1068 44 48 25 57 27 47 25/04/2009
1069 28 17 49 53 45 09 29/04/2009
1070 41 53 08 23 05 16 02/05/2009
1071 05 37 43 07 53 54 06/05/2009
1072 19 18 54 47 43 09 09/05/2009
1073 44 36 32 08 34 25 13/05/2009
1074 03 47 10 50 29 23 16/05/2009
1075 53 39 16 21 10 12 20/05/2009
1076 32 33 10 19 42 04 23/05/2009
1077 11 06 18 05 37 09 27/05/2009
1078 03 06 45 34 41 43 30/05/2009
1079 36 12 37 24 05 28 03/06/2009
1080 56 11 20 41 34 18 06/06/2009
1081 09 56 29 52 16 24 10/06/2009
1082 04 40 50 17 55 38 13/06/2009
1083 20 28 42 23 10 43 17/06/2009
1084 20 05 29 59 40 33 20/06/2009
1085 39 50 21 12 40 55 24/06/2009
1086 45 04 06 23 10 02 27/06/2009
1087 36 46 28 32 03 20 01/07/2009
1088 24 42 35 31 06 57 04/07/2009
1089 37 48 32 02 18 20 08/07/2009
1090 24 09 40 20 36 42 11/07/2009
1091 27 56 17 24 49 23 15/07/2009
1092 40 30 01 09 33 34 18/07/2009
1093 27 49 38 23 41 19 22/07/2009
1094 10 09 48 36 41 21 25/07/2009
1095 27 23 36 10 21 16 29/07/2009
1096 03 41 52 14 13 16 01/08/2009
1097 21 48 33 01 56 17 05/08/2009
1098 30 20 21 11 50 52 08/08/2009
1099 55 44 38 35 14 31 12/08/2009
1100 41 33 17 18 07 42 15/08/2009
1101 07 12 57 06 24 10 19/08/2009
1102 46 23 09 35 11 51 22/08/2009
1103 41 19 10 28 55 56 26/08/2009
1104 03 35 58 49 02 06 29/08/2009
1105 43 01 50 28 57 15 02/09/2009
1106 04 15 50 60 43 47 05/09/2009
1107 36 20 54 09 03 53 09/09/2009
1108 60 44 07 39 43 09 12/09/2009
1109 11 52 14 06 29 08 16/09/2009
1110 26 45 06 28 42 14 19/09/2009
1111 04 43 25 09 33 32 23/09/2009
1112 04 34 52 32 58 43 26/09/2009
1113 47 36 29 59 03 06 30/09/2009
1114 16 03 22 54 25 15 03/10/2009
1115 44 41 18 50 37 30 07/10/2009
1116 17 20 04 47 09 13 10/10/2009
1117 27 35 40 01 06 17 14/10/2009
1118 55 44 08 20 43 21 17/10/2009
1119 44 54 41 45 34 10 21/10/2009
1120 50 55 07 35 44 40 24/10/2009
1121 18 04 59 54 56 17 28/10/2009
1122 49 44 56 26 46 55 31/10/2009
1123 19 04 39 14 45 60 04/11/2009
1124 49 11 07 18 16 33 07/11/2009
1125 07 42 56 29 33 03 11/11/2009
1126 59 31 57 04 52 42 14/11/2009
1127 24 08 14 05 29 30 18/11/2009
1128 60 08 39 52 24 16 21/11/2009
1129 47 19 17 12 32 55 25/11/2009
1130 23 49 32 54 18 05 28/11/2009
1131 49 34 36 01 16 08 02/12/2009
1132 52 30 27 12 55 33 05/12/2009
1133 16 05 58 39 10 21 09/12/2009
1134 29 36 56 22 09 51 12/12/2009
1135 05 04 19 39 06 23 16/12/2009
1136 07 31 32 37 43 34 19/12/2009
1137 21 28 19 25 50 43 22/12/2009
1138 04 25 18 15 36 02 24/12/2009
1139 36 42 37 09 28 31 26/12/2009
1140 49 58 40 46 10 27 31/12/2009
1141 40 09 37 58 50 60 02/01/2010
1142 28 31 15 58 03 26 06/01/2010
1143 35 47 60 44 30 03 09/01/2010
1144 19 10 49 18 01 44 13/01/2010
1145 19 03 60 33 24 16 16/01/2010
1146 10 34 53 33 28 06 20/01/2010
1147 23 39 52 31 06 33 23/01/2010
1148 48 32 29 55 27 28 27/01/2010
1149 46 54 08 36 07 23 30/01/2010
1150 28 17 35 52 31 15 03/02/2010
1151 01 25 04 14 21 51 06/02/2010
1152 47 36 44 29 20 14 10/02/2010
1153 55 46 34 17 19 06 13/02/2010
1154 04 14 21 26 12 28 17/02/2010
1155 28 58 41 40 51 20 20/02/2010
1156 31 49 44 24 09 48 24/02/2010
1157 46 09 43 41 49 29 27/02/2010
1158 23 31 60 55 30 54 03/03/2010
1159 53 46 05 06 34 55 06/03/2010
1160 40 05 03 48 01 18 10/03/2010
1161 48 47 07 04 42 51 13/03/2010
1162 31 25 18 41 22 30 17/03/2010
1163 05 51 31 53 47 17 20/03/2010
1164 17 06 14 40 49 26 24/03/2010
1165 20 52 60 42 54 40 27/03/2010
1166 35 28 54 30 22 31 31/03/2010
1167 43 28 56 20 52 51 03/04/2010
1168 47 20 04 56 53 05 07/04/2010
1169 14 01 11 23 42 48 10/04/2010
1170 46 11 27 34 49 13 14/04/2010
1171 41 03 10 30 57 13 17/04/2010
1172 28 52 06 43 12 56 20/04/2010
1173 07 25 24 36 05 47 24/04/2010
1174 07 52 06 51 47 39 28/04/2010
1175 02 03 12 37 47 16 30/04/2010
1176 21 11 49 14 33 30 05/05/2010
1177 33 52 55 47 38 50 08/05/2010
1178 01 53 22 50 45 30 12/05/2010
1179 59 28 47 60 22 05 15/05/2010
1180 60 12 34 30 44 57 19/05/2010
1181 44 18 45 31 26 20 22/05/2010
1182 52 29 56 60 02 04 26/05/2010
1183 12 05 10 20 29 37 29/05/2010
1184 04 23 27 28 09 30 02/06/2010
1185 54 10 02 43 21 35 05/06/2010
1186 41 12 15 07 13 08 09/06/2010
1187 08 49 43 17 40 19 12/06/2010
1188 60 52 59 09 44 20 16/06/2010
1189 50 21 14 35 31 27 19/06/2010
1190 11 53 56 37 10 19 23/06/2010
1191 25 22 11 16 33 03 26/06/2010
1192 49 17 20 59 57 52 30/06/2010
1193 12 54 02 32 14 09 03/07/2010
1194 24 53 41 06 13 50 07/07/2010
1195 27 17 57 26 55 20 10/07/2010
1196 60 03 20 19 58 06 14/07/2010
1197 39 54 36 37 60 49 17/07/2010
1198 29 22 36 58 41 48 21/07/2010
1199 58 28 23 39 16 19 24/07/2010
1200 10 03 39 54 56 11 28/07/2010
1201 36 32 55 49 60 28 31/07/2010
1202 09 60 11 53 48 08 04/08/2010
1203 55 30 33 09 07 38 07/08/2010
1204 10 25 05 39 52 43 11/08/2010
1205 14 04 26 35 29 13 14/08/2010
1206 02 11 37 36 48 06 18/08/2010
1207 32 35 22 09 56 11 21/08/2010
1208 45 12 01 26 54 20 25/08/2010
1209 30 17 38 14 05 35 28/08/2010
1210 03 07 09 10 31 34 01/09/2010
1211 36 54 03 31 15 48 04/09/2010
1212 35 50 02 23 33 40 08/09/2010
1213 03 53 45 11 34 26 11/09/2010
1214 05 41 29 36 30 48 15/09/2010
1215 47 51 10 50 30 25 18/09/2010
1216 07 25 04 58 13 27 22/09/2010
1217 05 43 28 15 11 50 25/09/2010
1218 33 23 29 46 10 31 29/09/2010
1219 34 37 41 53 02 33 02/10/2010
1220 48 55 52 43 05 15 06/10/2010
1221 46 05 58 37 14 43 09/10/2010
1222 26 19 48 57 05 08 13/10/2010
1223 17 15 48 42 35 47 16/10/2010
1224 41 19 57 53 21 27 20/10/2010
1225 32 55 34 31 50 40 23/10/2010
1226 31 55 56 50 40 10 27/10/2010
1227 35 31 04 30 54 28 30/10/2010
1228 36 10 60 52 50 23 03/11/2010
1229 12 49 60 32 30 40 06/11/2010
1230 37 35 12 22 19 09 10/11/2010
1231 20 27 49 05 23 39 13/11/2010
1232 12 18 15 08 11 22 17/11/2010
1233 49 22 59 29 32 54 20/11/2010
1234 03 05 24 19 30 35 24/11/2010
1235 16 49 55 20 10 26 27/11/2010
1236 17 20 38 08 53 03 01/12/2010
1237 26 21 39 05 18 59 04/12/2010
1238 40 45 24 14 13 39 08/12/2010
1239 15 01 48 37 39 52 11/12/2010
1240 22 42 49 08 12 09 15/12/2010
1241 13 26 25 10 28 45 18/12/2010
1242 54 45 51 11 34 48 20/12/2010
1243 32 19 23 57 09 29 22/12/2010
1244 45 08 34 15 02 25 24/12/2010
1245 34 10 37 50 43 02 31/12/2010
1246 59 10 37 57 40 43 05/01/2011
1247 09 11 24 03 51 36 08/01/2011
1248 20 33 58 34 57 60 12/01/2011
1249 03 40 08 53 51 36 15/01/2011
1250 59 01 02 40 51 24 19/01/2011
1251 48 27 34 52 46 05 22/01/2011
1252 35 02 51 14 49 39 26/01/2011
1253 02 51 17 44 43 23 29/01/2011
1254 09 29 18 07 14 39 02/02/2011
1255 23 05 54 39 38 51 05/02/2011
1256 26 38 33 35 53 43 09/02/2011
1257 27 15 30 52 26 02 12/02/2011
1258 47 26 11 57 59 55 16/02/2011
1259 39 54 58 46 04 06 19/02/2011
1260 19 23 31 53 29 41 23/02/2011
1261 10 41 14 22 53 42 26/02/2011
1262 11 39 09 05 08 07 02/03/2011
1263 41 53 18 04 36 26 05/03/2011
1264 56 17 37 51 04 36 09/03/2011
1265 13 50 46 24 60 19 12/03/2011
1266 39 06 42 10 60 33 16/03/2011
1267 47 58 04 41 20 30 19/03/2011
1268 17 53 60 44 16 03 23/03/2011
1269 51 05 27 04 15 17 26/03/2011
1270 31 33 24 05 42 09 30/03/2011
1271 02 52 39 59 48 01 02/04/2011
1272 28 27 13 35 26 52 06/04/2011
1273 60 26 19 58 13 40 09/04/2011
1274 13 59 21 17 40 39 13/04/2011
1275 58 55 14 02 60 48 16/04/2011
1276 09 40 05 22 36 11 20/04/2011
1277 50 59 18 31 60 12 23/04/2011
1278 04 16 24 56 25 30 27/04/2011
1279 08 29 36 35 14 40 30/04/2011
1280 29 06 54 10 20 16 04/05/2011
1281 36 14 30 38 11 08 07/05/2011
1282 04 39 56 23 52 55 11/05/2011
1283 59 08 60 44 40 30 14/05/2011
1284 26 21 20 36 31 29 18/05/2011
1285 33 10 15 38 31 28 21/05/2011
1286 05 52 02 33 51 28 25/05/2011
1287 33 42 12 31 11 52 28/05/2011
1288 42 32 56 40 30 17 01/06/2011
1289 13 08 27 01 03 52 04/06/2011
1290 14 50 03 23 02 34 08/06/2011
1291 18 57 58 40 47 54 11/06/2011
1292 30 31 23 09 54 11 15/06/2011
1293 24 50 01 44 13 40 18/06/2011
1294 06 50 04 48 29 51 22/06/2011
1295 20 02 43 15 05 57 25/06/2011
1296 49 43 14 10 53 46 29/06/2011
1297 02 56 11 05 59 13 02/07/2011
1298 60 14 53 30 15 55 06/07/2011
1299 56 32 08 22 43 53 09/07/2011
1300 46 43 59 54 44 53 13/07/2011
1301 16 25 03 51 23 56 16/07/2011
1302 44 15 56 02 10 57 20/07/2011
1303 19 51 54 08 52 46 23/07/2011
1304 35 23 15 07 20 14 27/07/2011
1305 44 11 05 46 36 03 30/07/2011
1306 45 06 19 34 43 22 03/08/2011
1307 10 47 54 07 43 32 06/08/2011
1308 24 33 07 30 47 08 09/08/2011
1309 07 12 25 26 32 39 11/08/2011
1310 14 08 53 09 59 32 13/08/2011
1311 54 07 19 12 45 09 17/08/2011
1312 28 30 29 22 20 05 20/08/2011
1313 39 26 49 01 04 43 24/08/2011
1314 42 44 52 58 60 38 27/08/2011
1315 27 29 01 50 52 38 31/08/2011
1316 48 34 25 42 13 08 03/09/2011
1317 35 29 37 13 06 30 08/09/2011
1318 34 46 14 28 11 16 10/09/2011
1319 16 04 18 27 05 51 14/09/2011
1320 38 17 55 41 24 25 17/09/2011
1321 51 59 47 10 60 53 21/09/2011
1322 55 43 21 10 47 53 24/09/2011
1323 25 37 15 06 48 55 28/09/2011
1324 29 44 51 31 18 57 01/10/2011
1325 35 02 20 43 05 16 05/10/2011
1326 30 19 10 18 50 11 08/10/2011
1327 41 35 36 16 52 54 13/10/2011
1328 43 27 59 53 23 10 15/10/2011
1329 43 50 08 07 39 11 19/10/2011
1330 48 08 21 18 49 30 22/10/2011
1331 24 46 39 57 26 09 26/10/2011
1332 05 13 03 24 35 59 29/10/2011
1333 25 51 26 42 28 33 03/11/2011
1334 08 25 27 06 10 01 05/11/2011
1335 49 03 51 20 22 14 09/11/2011
1336 51 54 32 01 38 47 12/11/2011
1337 38 02 45 35 20 51 16/11/2011
1338 19 33 18 43 60 01 19/11/2011
1339 59 10 16 14 07 54 23/11/2011
1340 36 21 13 59 60 30 26/11/2011
1341 11 40 37 20 01 52 30/11/2011
1342 05 60 46 42 50 07 03/12/2011
1343 51 31 42 20 56 19 07/12/2011
1344 19 42 08 36 21 59 10/12/2011
1345 50 40 26 07 19 17 14/12/2011
1346 59 47 32 48 40 12 17/12/2011
1347 19 45 54 56 46 09 20/12/2011
1348 38 45 39 07 12 56 22/12/2011
1349 09 19 20 50 60 51 24/12/2011
1350 04 36 29 55 45 03 31/12/2011
1351 13 50 41 36 56 33 04/01/2012
1352 35 59 36 09 18 24 07/01/2012
1353 47 11 03 27 32 13 11/01/2012
1354 02 42 08 49 48 38 14/01/2012
1355 39 49 11 24 17 46 18/01/2012
1356 21 46 06 22 13 31 21/01/2012
1357 55 52 26 19 01 24 25/01/2012
1358 16 15 37 03 35 47 28/01/2012
1359 12 17 28 53 06 10 01/02/2012
1360 50 25 17 16 54 02 04/02/2012
1361 37 27 44 30 38 23 08/02/2012
1362 58 19 12 22 02 36 11/02/2012
1363 52 25 42 45 35 57 15/02/2012
1364 20 13 40 10 53 44 18/02/2012
1365 50 35 32 26 02 24 22/02/2012
1366 59 44 54 37 27 12 25/02/2012
1367 38 29 43 13 07 02 01/03/2012
1368 10 26 29 38 32 21 03/03/2012
1369 32 24 16 38 05 46 07/03/2012
1370 02 27 59 49 04 05 10/03/2012
1371 47 11 08 49 03 04 14/03/2012
1372 46 60 58 36 40 03 17/03/2012
1373 52 39 07 27 55 57 21/03/2012
1374 21 33 28 31 43 06 24/03/2012
1375 25 28 53 45 14 58 28/03/2012
1376 53 49 21 11 54 09 31/03/2012
1377 25 05 13 12 35 02 04/04/2012
1378 18 17 59 02 54 05 07/04/2012
1379 45 05 36 12 50 58 11/04/2012
1380 52 14 03 60 57 55 14/04/2012
1381 44 30 27 11 40 57 18/04/2012
1382 17 27 55 13 05 16 20/04/2012
1383 09 55 23 44 07 46 25/04/2012
1384 56 18 31 02 30 45 28/04/2012
1385 42 37 35 27 59 36 02/05/2012
1386 39 56 28 12 51 38 05/05/2012
1387 43 27 18 52 50 32 09/05/2012
1388 54 31 50 43 29 22 12/05/2012
1389 01 44 39 16 57 28 16/05/2012
1390 29 27 19 04 28 31 19/05/2012
1391 19 07 12 34 53 40 23/05/2012
1392 43 08 02 28 33 12 26/05/2012
1393 44 28 18 24 04 39 30/05/2012
1394 11 35 16 46 24 50 02/06/2012
1395 05 44 11 19 17 48 06/06/2012
1396 52 48 54 58 55 29 09/06/2012
1397 15 56 03 27 04 07 13/06/2012
1398 42 51 14 40 32 33 16/06/2012
1399 39 43 60 57 34 56 20/06/2012
1400 34 26 09 43 54 53 23/06/2012
1401 12 11 54 33 48 25 27/06/2012
1402 38 10 27 02 21 09 30/06/2012
1403 16 39 13 26 42 20 04/07/2012
1404 07 32 31 51 27 08 07/07/2012
1405 14 17 32 37 39 03 11/07/2012
1406 07 10 38 17 24 57 14/07/2012
1407 53 42 31 43 29 18 18/07/2012
1408 43 39 20 19 24 04 21/07/2012
1409 50 06 47 58 26 19 25/07/2012
1410 54 29 18 42 40 50 28/07/2012
1411 32 44 12 08 48 46 01/08/2012
1412 06 08 37 24 45 41 04/08/2012
1413 54 33 13 55 45 15 07/08/2012
1414 44 49 57 37 21 46 09/08/2012
1415 51 49 46 40 36 26 11/08/2012
1416 49 03 19 35 22 24 15/08/2012
1417 12 56 05 52 45 59 18/08/2012
1418 07 08 10 27 12 56 22/08/2012
1419 52 21 48 58 30 17 25/08/2012
1420 45 16 18 11 36 02 29/08/2012
1421 31 39 59 19 53 44 01/09/2012
1422 17 44 02 05 13 39 05/09/2012
1423 43 08 21 27 03 25 08/09/2012
1424 60 38 29 03 07 15 12/09/2012
1425 07 29 50 16 38 36 15/09/2012
1426 24 44 06 15 18 30 19/09/2012
1427 47 44 53 56 08 39 22/09/2012
1428 15 55 37 34 19 07 26/09/2012
1429 09 22 60 48 12 39 29/09/2012
1430 19 02 30 46 22 52 03/10/2012
1431 33 54 40 05 09 13 06/10/2012
1432 16 24 25 45 59 42 10/10/2012
1433 14 46 40 13 04 52 13/10/2012
1434 03 34 58 22 18 55 17/10/2012
1435 45 47 50 52 15 04 20/10/2012
1436 01 23 13 30 24 57 24/10/2012
1437 48 37 26 22 38 23 27/10/2012
1438 49 07 33 31 36 14 31/10/2012
1439 35 55 02 43 34 42 03/11/2012
1440 06 28 56 02 36 51 07/11/2012
1441 56 29 53 36 38 17 10/11/2012
1442 12 20 13 49 34 30 14/11/2012
1443 52 32 12 54 20 48 17/11/2012
1444 02 05 55 28 27 48 21/11/2012
1445 41 32 19 58 05 49 24/11/2012
1446 13 32 06 51 40 24 28/11/2012
1447 01 41 28 33 39 19 01/12/2012
1448 25 29 36 01 56 60 05/12/2012
1449 02 18 30 56 52 06 08/12/2012
1450 27 45 44 26 38 31 12/12/2012
1451 57 10 33 02 11 52 15/12/2012
1452 50 57 58 28 02 14 18/12/2012
1453 47 32 25 57 06 13 20/12/2012
1454 27 52 41 29 04 48 22/12/2012
1455 33 14 52 36 32 41 31/12/2012
1456 36 06 40 14 08 26 02/01/2013
1457 34 16 46 15 42 59 05/01/2013
1458 02 16 04 44 33 51 09/01/2013
1459 02 06 35 30 52 34 12/01/2013
1460 50 52 14 04 27 38 16/01/2013
1461 44 31 49 54 36 47 19/01/2013
1462 05 09 25 40 38 27 23/01/2013
1463 40 22 13 29 48 28 26/01/2013
1464 59 02 54 32 24 50 30/01/2013
1465 11 06 53 44 16 26 02/02/2013
1466 04 13 51 37 06 34 06/02/2013
1467 41 53 26 23 52 24 09/02/2013
1468 02 20 37 19 01 10 13/02/2013
1469 04 56 54 13 35 58 16/02/2013
1470 02 34 51 36 38 55 20/02/2013
1471 58 33 36 40 25 10 23/02/2013
1472 12 23 25 18 45 50 27/02/2013
1473 60 12 57 58 33 02 02/03/2013
1474 02 43 11 01 03 28 06/03/2013
1475 13 12 51 37 48 44 09/03/2013
1476 26 10 04 37 47 57 13/03/2013
1477 50 59 56 46 03 04 16/03/2013
1478 10 40 27 47 55 37 20/03/2013
1479 57 21 54 48 50 60 23/03/2013
1480 09 14 26 36 52 21 27/03/2013
1481 40 27 55 17 28 44 30/03/2013
1482 11 09 06 34 41 53 03/04/2013
1483 55 53 01 35 56 39 06/04/2013
1484 49 29 17 53 20 24 10/04/2013
1485 30 59 27 36 04 54 13/04/2013
1486 10 01 34 54 06 40 17/04/2013
1487 04 17 23 28 09 53 20/04/2013
1488 04 51 45 22 38 25 24/04/2013
1489 48 15 24 28 01 26 27/04/2013
1490 31 32 43 03 52 01 02/05/2013
1491 56 06 45 60 26 50 04/05/2013
1492 48 44 46 04 18 09 08/05/2013
1493 30 24 12 49 07 27 11/05/2013
1494 50 28 35 24 02 14 15/05/2013
1495 13 49 04 44 14 57 18/05/2013
1496 28 18 41 54 14 47 22/05/2013
1497 58 07 27 45 04 05 25/05/2013
1498 11 46 27 49 06 40 29/05/2013
1499 26 37 08 22 54 33 01/06/2013
1500 57 43 18 59 10 31 05/06/2013
1501 13 37 54 07 29 01 08/06/2013
1502 06 43 22 52 57 51 12/06/2013
1503 36 22 42 03 16 04 15/06/2013
1504 41 02 42 30 12 10 19/06/2013
1505 32 01 06 09 16 02 22/06/2013
1506 49 34 42 18 03 14 26/06/2013
1507 46 24 51 50 56 52 29/06/2013
1508 58 39 18 17 35 30 03/07/2013
1509 27 51 01 46 59 06 06/07/2013
1510 01 08 44 17 46 53 10/07/2013
1511 08 29 31 04 17 45 13/07/2013
1512 35 11 28 46 42 58 17/07/2013
1513 31 57 17 56 28 58 20/07/2013
1514 23 16 17 59 42 60 24/07/2013
1515 59 49 13 18 04 14 27/07/2013
1516 34 60 18 45 04 20 31/07/2013
1517 45 38 52 17 07 56 03/08/2013
1518 28 08 55 41 48 09 06/08/2013
1519 06 23 56 15 05 59 08/08/2013
1520 36 46 48 31 07 35 10/08/2013
1521 18 30 14 11 33 39 14/08/2013
1522 33 05 23 32 08 56 17/08/2013
1523 25 39 44 41 31 22 21/08/2013
1524 40 53 12 46 02 52 24/08/2013
1525 30 46 35 54 26 02 28/08/2013
1526 51 47 28 10 59 16 31/08/2013
1527 32 44 42 48 16 36 04/09/2013
1528 04 13 58 36 19 15 06/09/2013
1529 35 17 15 34 49 11 11/09/2013
1530 53 10 28 16 48 33 14/09/2013
1531 24 41 12 42 44 13 18/09/2013
1532 42 02 11 23 31 44 21/09/2013
1533 29 21 47 57 13 34 25/09/2013
1534 28 12 34 29 01 48 28/09/2013
1535 55 25 09 08 54 41 02/10/2013
1536 18 32 29 13 50 58 05/10/2013
1537 06 56 33 50 51 10 09/10/2013
1538 35 52 27 53 57 23 11/10/2013
1539 10 49 08 58 20 26 16/10/2013
1540 54 47 27 17 03 32 19/10/2013
1541 37 05 24 44 49 58 23/10/2013
1542 07 12 57 11 30 39 26/10/2013
1543 30 07 23 20 15 41 30/10/2013
1544 30 50 45 02 35 21 01/11/2013
1545 06 48 11 45 04 24 06/11/2013
1546 38 44 17 60 04 53 09/11/2013
1547 02 09 10 18 21 28 13/11/2013
1548 19 41 42 44 47 54 16/11/2013
1549 10 12 16 20 32 53 20/11/2013
1550 09 13 21 27 36 56 23/11/2013
1551 02 15 19 21 23 38 27/11/2013
1552 07 18 24 26 39 46 30/11/2013
1553 20 21 22 29 46 60 04/12/2013
1554 30 32 49 50 52 53 07/12/2013
1555 02 05 23 33 52 59 11/12/2013
1556 01 04 07 10 11 52 14/12/2013
1557 04 16 18 31 45 46 17/12/2013
1558 07 15 17 31 42 54 19/12/2013
1559 08 12 16 29 37 58 21/12/2013
1560 20 30 36 38 47 53 21/12/2013
1561 23 26 28 54 55 60 02/01/2014
1562 10 12 23 37 47 51 04/01/2014
1563 01 06 13 20 36 43 09/01/2014
1564 25 38 44 46 53 54 11/01/2014
1565 18 37 39 41 43 51 15/01/2014
1566 11 32 60 05 06 36 18/01/2014
1567 53 38 30 02 15 48 22/01/2014
1568 28 58 19 24 42 25 25/01/2014
1569 42 15 18 31 05 53 29/01/2014
1570 18 46 42 15 56 24 01/02/2014
1571 46 60 55 32 03 29 05/02/2014
1572 46 42 27 45 20 47 08/02/2014
1573 07 16 36 35 38 21 12/02/2014
1574 06 28 33 48 46 27 15/02/2014
1575 01 05 04 45 14 56 19/02/2014
1576 26 30 21 15 13 46 22/02/2014
1577 25 32 11 59 51 14 26/02/2014
1578 06 53 56 30 37 03 01/03/2014
1579 34 25 40 51 60 49 05/03/2014
1580 01 06 14 17 33 36 08/03/2014
1581 31 34 15 14 25 30 12/03/2014
1582 04 17 01 48 13 38 15/03/2014
1583 18 02 09 47 17 45 19/03/2014
1584 27 54 28 50 22 03 22/03/2014
1585 55 47 43 48 49 02 26/03/2014
1586 47 58 08 43 39 46 29/03/2014
1587 08 21 19 30 52 56 02/04/2014
1588 36 29 23 49 32 45 05/04/2014
1589 11 41 51 05 19 04 09/04/2014
1590 40 07 44 55 34 20 12/04/2014
1591 04 23 55 10 38 33 16/04/2014
1592 41 49 36 42 31 38 19/04/2014
1593 04 17 38 09 18 21 23/04/2014
1594 53 43 23 06 07 08 26/04/2014
1595 59 05 42 08 46 02 30/04/2014
1596 05 12 01 07 45 10 03/05/2014
1597 16 52 05 44 10 50 07/05/2014
1598 36 47 42 29 53 31 10/05/2014
1599 35 10 15 58 36 03 14/05/2014
1600 09 46 23 32 35 57 17/05/2014
1601 60 24 56 45 10 08 21/05/2104
1602 08 44 40 35 22 12 24/05/2014
1603 13 53 20 31 60 27 28/05/2014
1604 21 40 51 27 24 02 31/05/2014
1605 42 30 09 19 31 21 04/06/2014
1606 54 01 15 37 46 42 07/06/2014
1607 32 41 51 07 31 52 11/06/2014
1608 06 43 17 05 54 59 14/06/2014
1609 02 26 06 13 53 60 18/06/2014
1610 36 53 35 09 01 04 21/06/2014
1611 24 51 50 28 58 47 25/06/2014
1612 17 51 36 06 42 13 28/06/2014
1613 31 18 04 46 44 49 02/07/2014
1614 49 27 43 17 14 21 05/07/2014
1615 26 20 05 44 33 31 09/07/2014
1616 46 40 58 31 28 42 12/07/2014
1617 23 31 47 54 03 26 16/07/2014
1618 09 51 20 24 52 43 19/07/2014
1619 46 17 05 42 47 08 23/07/2014
1620 57 23 38 13 34 27 26/07/2014
1621 24 22 38 49 10 39 30/07/2014
1622 21 07 05 53 45 04 02/08/2014
1623 33 56 59 43 50 49 05/08/2014
1624 32 02 27 47 58 41 07/08/2014
1625 45 11 22 52 36 40 09/08/2014
1626 03 52 05 43 35 14 13/08/2014
1627 26 57 20 32 45 41 16/08/2014
1628 38 26 60 34 29 50 20/08/2014
1629 47 20 35 04 59 24 23/08/2014
1630 30 43 07 44 01 54 27/08/2014
1631 47 48 44 60 04 29 30/08/2014
1632 18 56 27 06 24 59 03/09/2014
1633 02 11 49 13 36 01 06/09/2014
1634 44 09 33 10 23 51 10/09/2014
1635 30 32 51 08 28 23 13/09/2014
1636 33 19 52 51 35 26 17/09/2014
1637 05 56 24 55 01 47 20/09/2014
1638 38 02 42 58 41 01 24/09/2014
1639 35 51 34 49 16 29 27/09/2014
1640 06 18 46 23 31 02 01/10/2014
1641 51 30 29 33 46 23 04/10/2014
1642 47 03 43 42 60 23 08/10/2014
1643 19 20 16 60 28 37 11/10/2014
1644 10 16 34 13 60 22 15/10/2014
1645 31 37 21 38 08 18 18/10/2014
1646 34 23 41 19 40 58 22/10/2014
1647 38 54 23 12 17 53 25/10/2014
1648 48 18 15 22 20 16 29/10/2014
1649 54 33 24 44 38 42 01/11/2014
1650 23 57 29 17 60 38 05/11/2014
1651 27 44 08 35 38 41 08/11/2014
1652 44 28 24 57 07 26 12/11/2014
1653 45 22 27 21 01 32 14/11/2014
1654 50 33 42 07 58 16 19/11/2014
1655 56 46 07 24 28 53 22/11/2014
1656 06 04 43 54 56 11 26/11/2014
1657 10 54 37 45 14 07 29/11/2014
1658 07 40 19 49 11 23 03/12/2014
1659 20 33 37 49 04 10 06/12/2014
1660 17 38 42 51 34 08 10/12/2014
1661 16 48 43 27 58 13 13/12/2014
1662 57 10 25 14 33 29 17/12/2014
1663 20 27 49 40 55 18 20/12/2014
1664 48 08 21 36 23 29 24/12/2014
1665 20 11 16 01 56 05 31/12/2014
1666 51 27 01 23 45 02 03/01/2015
1667 51 24 56 07 12 44 07/01/2015
1668 47 40 55 57 52 05 10/01/2015
1669 29 28 31 48 45 49 14/01/2015
1670 01 33 30 17 47 19 17/01/2015
1671 21 31 56 55 45 27 21/01/2015
1672 20 10 01 05 42 03 24/01/2015
1673 35 10 47 05 24 23 28/01/2015
1674 42 59 30 58 50 22 31/01/2015
1675 36 03 35 56 18 34 04/02/2015
1676 02 01 37 51 48 11 07/02/2015
1677 52 33 15 28 51 10 11/02/2015
1678 35 52 17 19 09 11 14/02/2015
1679 28 02 01 46 27 47 18/02/2015
1680 37 46 47 51 23 38 21/02/2015
1681 01 33 08 11 06 50 25/02/2015
1682 13 39 51 37 35 07 28/02/2015
1683 48 04 12 34 32 33 04/03/2015
1684 09 12 31 50 18 39 07/03/2015
1685 39 46 18 51 31 03 11/03/2015
1686 44 37 09 55 14 46 14/03/2015
1687 15 58 24 37 46 49 18/03/2015
1688 18 23 42 56 32 30 21/03/2015
1689 41 02 53 05 13 27 25/03/2015
1690 24 45 53 35 26 21 28/03/2015
1691 39 45 58 10 01 24 01/04/2015
1692 44 56 13 14 27 11 04/04/2015
1693 19 18 38 05 21 15 08/04/2015
1694 34 29 20 37 57 45 11/04/2015
1695 36 43 38 24 58 44 15/04/2015
1696 12 01 31 37 17 46 18/04/2015
1697 08 30 23 51 53 58 22/04/2015
1698 24 44 28 13 45 11 25/04/2015
1699 01 10 30 33 38 06 29/04/2015
1700 58 41 48 50 15 18 02/05/2015
1701 09 03 18 40 32 56 05/05/2015
1702 39 52 17 35 19 33 07/05/2015
1703 49 03 35 39 23 26 09/05/2015
1704 11 07 59 51 32 01 13/05/2015
1705 50 17 51 27 29 25 16/05/2015
1706 12 31 34 36 48 56 20/05/2015
1707 07 16 20 27 36 52 23/05/2015
1708 17 19 32 38 45 50 27/05/2015
1709 07 19 30 35 42 47 30/05/2015
1710 07 21 28 56 58 59 03/06/2015
1711 22 26 38 39 45 50 06/06/2015
1712 02 12 19 29 50 59 10/06/2015
1713 03 10 16 23 27 29 13/06/2015
1714 02 08 24 36 51 52 17/06/2015
1715 16 20 35 40 53 60 20/06/2015
1716 02 25 36 41 42 53 24/06/2015
1717 02 09 16 37 44 58 27/06/2015
1718 04 30 31 32 47 53 01/07/2015
1719 01 22 31 34 44 54 04/07/2015
1720 18 23 31 39 49 57 07/07/2015
1721 04 12 19 33 36 38 09/07/2015
1722 09 23 39 41 49 58 11/07/2015
1723 14 27 30 46 52 60 15/07/2015
1724 27 33 37 39 58 60 18/07/2015
1725 16 18 26 30 31 34 22/07/2015
1726 03 10 42 49 54 57 26/07/2015
1727 04 06 19 20 40 41 29/07/2015
1728 03 08 28 39 42 59 01/08/2015
1729 07 14 23 43 44 53 04/08/2015
1730 01 10 17 24 42 51 06/08/2015
1731 05 18 27 43 49 59 08/08/2015
1732 25 34 38 45 53 60 12/08/2015
1733 03 05 09 14 41 46 15/08/2015
1734 12 17 25 29 41 52 19/08/2015
1735 06 16 33 34 45 46 22/08/2015
1736 12 13 24 29 32 41 26/08/2015
1737 05 08 42 50 51 59 29/08/2015
1738 16 28 37 46 48 53 02/09/2015
1739 09 10 17 32 47 46 05/09/2015
1740 10 15 25 38 47 53 09/09/2015
1741 15 18 20 32 48 49 12/09/2015
1742 11 19 21 23 27 52 16/09/2015
1743 04 10 29 31 34 35 19/09/2015
1744 09 12 14 29 42 56 23/09/2015
1745 09 13 18 47 52 60 26/09/2015
1746 06 18 37 40 41 58 30/09/2015
1747 06 33 34 48 53 59 03/10/2015
1748 02 10 13 41 49 53 07/10/2015
1749 03 13 14 29 33 43 10/10/2015
1750 15 17 20 31 41 48 13/10/2015
1751 15 22 23 42 51 57 15/10/2015
1752 09 36 37 53 55 60 17/10/2015
1753 08 15 29 35 45 54 21/10/2015
1754 20 27 30 31 40 53 24/10/2015
1755 02 05 08 18 30 48 28/10/2015
1756 06 13 14 28 35 45 31/10/2015
1757 13 25 28 37 43 56 04/11/2015
1758 06 11 16 23 36 42 07/11/2015
1759 02 14 21 22 51 60 10/11/2015
1760 10 24 25 36 47 48 13/11/2015
1761 09 10 36 50 53 55 14/11/2015
1762 26 32 42 45 55 59 18/11/2015
1763 09 12 15 21 31 36 21/11/2015
1764 06 07 29 39 41 55 25/11/2015
1765 01 06 28 37 56 58 28/11/2015
1766 22 23 41 46 53 60 02/12/2015
1767 16 26 35 39 44 45 05/12/2015
1768 05 07 11 34 35 50 09/12/2015
1769 32 37 44 47 54 60 12/12/2015
1770 11 26 27 30 34 41 16/12/2015
1771 02 20 27 28 32 38 19/12/2015
1772 12 19 27 39 41 45 22/12/2015
1773 15 30 39 41 45 59 24/12/2015
1774 01 12 20 30 52 60 26/12/2015
1775 02 18 31 42 51 56 31/12/2015
1776 10 11 14 19 39 48 02/01/2016
1777 04 19 38 44 52 55 06/01/2016
1778 04 10 38 40 45 48 09/01/2016
1779 12 25 30 39 56 57 12/01/2016
1780 06 20 22 31 33 34 14/01/2016
1781 01 08 22 49 52 53 16/01/2016
1782 06 18 34 47 52 57 20/01/2016
1783 04 06 16 18 21 38 23/01/2016
1784 04 15 26 30 54 55 27/01/2016
1785 05 11 27 41 42 54 30/01/2016
1786 02 06 08 21 25 34 02/02/2016
1787 01 05 13 25 26 29 04/02/2016
1788 03 13 42 45 56 59 06/02/2016
1789 06 25 43 57 58 59 10/02/2016
1790 11 13 26 27 28 50 13/02/2016
1791 12 18 46 50 53 55 17/02/2016
1792 02 16 17 18 41 47 20/02/2016
1793 13 14 22 54 56 58 24/02/2016
1794 01 05 34 37 40 60 27/02/2016
1795 30 42 47 50 55 58 02/03/2016
1796 22 23 34 48 53 54 05/03/2016
1797 03 13 14 35 54 57 08/03/2016
1798 02 09 23 28 45 53 10/03/2016
1799 01 03 04 39 51 53 12/03/2016
1800 06 11 16 19 31 56 16/03/2016
1801 06 19 34 43 45 54 19/03/2016
1802 02 06 13 14 17 44 23/03/2016
1803 04 08 29 38 49 50 26/03/2016
1804 20 21 28 48 50 59 30/03/2016
1805 17 22 27 31 49 57 02/14/2016
1806 11 20 35 42 55 58 06/04/2016
1807 01 15 16 22 25 43 09/04/2016
1808 02 14 20 25 41 45 13/04/2016
1809 09 12 23 24 46 54 16/04/2016
1810 01 10 25 43 50 56 20/04/2016
1811 05 17 32 35 37 57 23/04/2016
1812 20 23 32 34 37 45 27/04/2016
1813 09 11 13 15 19 51 30/04/2016
1814 09 11 27 46 51 53 03/05/2016
1815 08 11 25 39 41 60 05/05/2016
1816 05 10 12 22 28 46 07/05/2016
1817 01 04 26 39 47 55 11/05/2016
1818 02 06 10 15 53 56 14/05/2016
1819 17 18 26 30 33 37 18/05/2016
1820 03 19 23 27 40 45 21/05/2016
1821 19 22 31 36 52 53 25/05/2016
1822 01 22 26 43 50 53 20/05/2016
1823 04 09 21 34 54 59 01/06/2016
1824 05 06 12 19 30 60 04/06/2016
1825 10 11 21 50 51 54 07/06/2016
1826 17 19 32 43 48 51 09/06/2016
1827 26 33 42 43 53 54 11/06/2016
1828 06 11 32 40 48 59 15/06/2016
1829 07 13 24 30 32 53 18/06/2016
1830 03 07 29 37 54 60 22/06/2016
1831 15 27 28 32 48 55 25/06/2016
1832 14 34 46 47 56 57 29/06/2016
1833 02 03 07 16 27 42 02/07/2016
1834 02 17 22 24 48 51 06/07/2016
1835 08 28 36 47 50 58 09/07/2016
1836 08 15 18 45 59 60 12/07/2016
1837 41 44 48 50 54 57 14/07/2016
1838 05 08 24 30 57 59 16/07/2016
1839 07 22 28 32 56 58 20/07/2016
1840 15 17 33 41 47 48 23/07/2016
1841 03 06 13 38 49 51 27/07/2016
1842 16 18 22 24 34 43 30/07/2016
1843 08 26 28 33 41 54 03/08/2016
1844 03 04 37 39 48 50 06/08/2016
1845 03 09 13 29 50 51 09/08/2016
1846 06 24 26 30 34 49 11/08/2016
1847 01 06 45 49 50 57 13/08/2016
1848 09 40 41 50 55 58 17/08/2016
1849 03 05 11 27 35 44 20/08/2016
1850 23 24 32 38 40 41 24/08/2016
1851 08 18 21 22 35 37 27/08/2016
1852 13 17 29 45 49 50 31/08/2016
1853 01 02 34 39 41 45 03/09/2016
1854 25 30 31 34 43 59 08/09/2016
1855 06 10 15 24 38 39 10/09/2016
1856 02 09 14 22 32 37 14/09/2016
1857 13 23 25 35 52 53 17/09/2016
1858 22 28 30 33 55 59 20/09/2016
1859 01 13 14 21 26 51 22/09/2016
1860 10 30 36 40 44 60 24/09/2016
1861 02 04 09 35 45 60 28/09/2016
1862 02 08 35 42 49 56 01/10/2016
1863 16 23 45 56 58 59 05/10/2016
1864 04 05 14 37 40 60 08/10/2016
1865 01 05 31 32 37 42 13/10/2016
1866 14 17 36 38 44 60 15/10/2015
1867 03 10 17 21 22 43 18/10/2016
1868 01 05 23 25 28 31 20/10/2016
1869 11 23 24 26 40 52 22/10/2016
1870 18 20 30 32 33 40 26/10/2016
1871 03 11 17 33 52 58 29/10/2016
1872 11 13 25 39 46 56 03/11/2016
1873 05 25 28 41 53 54 05/11/2016
1874 10 28 37 43 44 47 08/11/2016
1875 01 45 47 52 53 55 10/11/2016
1876 07 18 39 41 44 51 12/11/2016
1877 13 16 23 24 32 35 16/11/2016
1878 12 16 26 40 56 57 19/11/2016
1879 05 10 20 57 58 59 23/11/2016
1880 05 16 19 37 51 56 26/11/2016
1881 03 10 30 44 53 56 30/11/2016
1882 09 10 19 35 37 41 03/12/2016
1883 16 27 28 47 59 60 07/12/2016
1884 01 04 23 32 38 59 10/12/2016
1885 07 14 18 23 32 59 14/12/2016
1886 03 07 15 40 45 54 17/12/2016
1887 11 23 34 41 46 56 20/12/2016
1888 01 10 17 18 45 48 22/12/2016
1889 16 23 25 28 30 44 24/12/2017
1890 05 11 22 24 51 53 31/12/2017
1891 01 03 19 23 47 58 04/01/2017
1892 06 17 22 30 37 50 07/01/2017
1893 16 17 19 28 45 58 11/01/2017
1894 21 31 35 53 54 57 14/01/2017
1895 02 03 05 10 15 34 18/01/2017
1896 03 06 14 15 21 25 21/01/2017
1897 09 22 25 47 52 58 25/01/2017
1898 12 34 45 53 55 58 28/01/2017
1899 20 23 35 36 44 48 01/02/2017
1900 08 11 27 28 43 46 04/02/2017
1901 11 12 26 30 37 53 08/02/2017
1902 02 07 09 18 21 25 11/02/2017
1903 09 10 15 28 43 45 15/02/2017
1904 12 15 18 21 51 56 18/02/2017
1905 29 35 43 54 56 57 21/02/2017
1906 06 27 33 39 40 60 23/02/2017
1907 03 25 35 38 44 48 25/02/2017
1908 04 10 13 23 27 57 01/03/2017
1909 11 40 43 45 47 57 04/03/2017
1910 06 09 15 22 39 48 08/03/2017
1911 16 18 23 30 32 33 11/03/2017
1912 10 13 33 35 36 42 15/03/2017
1913 04 14 17 43 52 56 18/03/2017
1914 16 29 33 39 42 44 22/03/2017
1915 02 20 21 33 48 57 25/03/2017
1916 03 09 18 23 50 52 29/03/2017
1917 04 21 25 33 36 46 01/04/2017
1918 16 17 20 22 38 50 05/04/2017
1919 11 28 37 45 54 60 08/04/2017
1920 25 31 33 39 43 45 12/04/2017
1921 10 15 16 19 28 35 15/04/2017
1922 20 22 36 38 41 43 19/04/2017
1923 09 34 42 45 46 59 22/04/2017
1924 12 16 30 52 53 58 26/04/2017
1925 01 17 38 43 45 47 29/04/2017
1926 02 03 14 20 30 46 01/05/2017
1927 05 11 13 19 30 31 06/05/2017
1928 10 26 28 51 53 59 09/05/2017
1929 03 10 23 36 43 52 11/05/2017
1930 04 17 18 37 52 56 13/05/2017
1931 02 08 09 15 22 34 17/05/2017
1932 10 16 21 29 44 55 20/05/2017
1933 02 14 14 19 35 59 24/05/2017
1934 08 23 35 39 56 59 27/05/2017
1935 01 03 10 17 23 24 31/05/2017
1936 03 12 24 40 51 52 03/06/2017
1937 06 10 24 29 43 55 07/06/2017
1938 10 16 32 40 42 54 10/06/2017
1939 07 24 29 39 45 52 14/06/2017
1940 09 13 16 17 36 47 17/06/2017
1941 01 09 24 38 48 49 21/06/2017
1942 06 18 20 24 43 48 24/06/2017
1943 09 11 12 30 39 43 28/06/2017
1944 08 09 39 47 57 59 01/07/2017
1945 04 08 10 21 45 54 04/07/2017
1946 04 06 39 44 52 60 06/07/2017
1947 08 33 40 52 55 59 08/07/2017
1948 12 20 24 28 33 57 12/07/2017
1949 01 06 14 22 30 56 15/07/2017
1950 10 21 32 34 48 57 19/07/2017
1951 14 16 19 21 33 55 22/07/2017
1952 09 21 36 38 52 53 26/07/2017
1953 09 26 29 42 43 45 29/07/2017
1954 09 25 33 35 40 49 02/08/2017
1955 15 27 33 36 41 45 05/08/2017
1956 05 08 20 28 40 45 08/08/2017
1957 02 14 22 23 29 47 10/08/2017
1958 15 20 22 24 34 55 12/08/2017
1959 08 21 27 35 43 56 16/08/2017
1960 01 18 25 37 39 43 19/08/2017
1961 17 25 26 30 32 50 23/08/2017
1962 05 06 15 25 39 53 26/08/2017
1963 04 05 07 34 42 60 30/08/2017
1964 02 27 32 36 48 50 02/09/2017
1965 26 28 35 38 48 55 06/09/2017
1966 10 13 19 32 40 60 09/09/2017
1967 13 30 32 39 46 54 13/09/2017
1968 35 36 39 44 48 52 16/09/2017
1969 08 20 30 32 48 59 19/09/2017
1970 05 10 18 24 39 52 21/09/2017
1971 04 10 41 44 52 54 23/09/2017
1972 09 16 20 54 57 59 27/09/2017
1973 01 12 16 17 52 60 30/09/2017
1974 04 19 27 38 54 57 04/10/2017
1975 08 11 24 26 47 57 07/10/2017
1976 12 14 19 25 52 59 11/10/2017
1977 03 16 28 32 34 37 14/10/2017
1978 02 06 22 44 55 57 17/10/2017
1979 22 23 29 32 38 45 19/10/2017
1980 12 16 17 18 34 37 21/10/2017
1981 06 15 19 37 39 53 25/10/2017
1982 04 14 20 24 46 50 28/10/2017
1983 05 06 10 14 22 36 01/11/2017
1984 21 29 32 35 43 50 04/11/2017
1985 09 28 29 34 36 55 07/11/2017
1986 23 36 43 44 55 56 09/11/2017
1987 10 14 31 34 45 58 11/11/2017
1988 05 10 39 42 46 54 16/11/2017
1989 15 22 30 32 40 58 18/11/2017
1990 11 24 26 34 37 59 22/11/2017
1991 19 20 28 34 36 44 25/11/2017
1992 05 11 13 21 53 54 29/11/2017
1993 06 17 33 48 50 57 02/12/2017
1994 02 05 12 32 40 44 06/12/2017
1995 14 26 29 35 37 39 09/12/2017
1996 07 20 21 24 40 56 13/12/2017
1997 01 07 14 31 35 46 16/12/2017
1998 08 21 24 25 52 57 19/12/2017
1999 15 37 38 42 49 50 21/12/2017
2000 03 06 10 17 34 37 31/12/2017
2001 20 22 36 42 52 60 03/01/2018
2002 04 28 30 38 46 59 06/01/2018
2003 28 34 40 43 50 51 10/01/2018
2004 01 05 14 23 35 45 13/01/2018
2005 11 19 22 33 34 53 17/01/2018
2006 01 09 14 20 25 54 20/01/2018
2007 04 14 39 41 54 58 24/01/2018
2008 22 27 33 42 58 59 27/01/2018
2009 01 37 44 46 48 50 31/01/2018
2010 08 10 18 34 39 56 03/02/2018
2011 02 28 32 35 54 58 06/02/2018
2012 08 11 27 35 36 51 08/02/2018
2013 06 23 30 36 53 56 10/02/2018
2014 16 32 40 46 53 56 14/02/2018
2015 17 18 27 32 39 58 17/02/1018
2016 04 11 17 18 21 48 21/02/2018
2017 02 10 11 24 38 56 24/02/2018
2018 11 22 25 27 55 59 28/02/2018
2019 23 41 46 52 54 59 03/03/2018
2020 02 36 46 48 57 60 07/03/2018
2021 07 14 32 37 40 60 10/03/2018
2022 04 28 45 48 52 60 14/03/2018
2023 01 06 07 08 23 56 17/03/2018
2024 16 20 23 29 35 47 21/03/2018
2025 04 24 46 52 55 56 24/03/2018
2026 10 23 31 33 51 52 28/03/2018
2027 11 15 29 37 39 44 31/03/2018
2028 07 11 24 36 42 58 04/04/2018
2029 06 15 18 33 37 40 07/04/2018
2030 04 27 38 40 58 59 11/04/2018
2031 18 23 37 39 50 55 14/04/2018
2032 06 14 19 20 39 53 17/04/2018
2033 10 18 33 38 40 43 20/04/2018
2034 06 07 13 17 22 56 25/04/2018
2035 30 35 36 38 49 52 28/04/2018
2036 07 08 19 23 27 58 02/05/2018
2037 14 16 23 30 45 60 05/05/2018
2038 06 25 26 35 38 40 08/05/2018
2039 06 12 22 28 31 44 10/05/2018
2040 06 09 41 54 56 58 12/05/2018
2041 10 12 22 25 42 54 16/05/2018
2042 14 22 29 32 33 35 19/05/2018
2043 21 38 53 56 57 58 23/05/2018
2044 07 14 47 54 56 60 26/05/2018
2045 15 25 27 45 46 50 30/05/2018
2046 03 06 11 27 28 46 02/06/2018
2047 01 18 19 29 44 54 06/06/2018
2048 10 19 26 35 38 39 09/06/2018
2049 10 19 27 31 51 53 13/06/2018
2050 08 31 32 33 38 50 16/06/2018
2051 01 05 06 37 44 53 20/06/2018
2052 50 51 56 57 58 59 23/06/2018
2053 12 22 27 37 40 55 27/06/2018
2054 04 07 12 22 26 39 30/06/2018
2055 06 25 35 43 46 53 03/07/2018
2056 18 22 29 34 36 47 05/07/2018
2057 10 13 20 37 38 54 07/07/2018
2058 04 19 23 29 56 59 11/07/2018
2059 04 05 36 40 44 56 14/07/2018
2060 08 09 11 25 39 41 18/07/2018
2061 33 36 40 44 45 54 21/07/2018
2062 08 10 15 23 25 34 27/07/2018
2063 06 10 19 24 25 29 28/07/2018
2064 10 14 36 53 55 60 01/08/2018
2065 04 11 20 30 37 43 04/08/2018
2066 06 25 27 35 45 55 08/08/2018
2067 02 11 13 26 32 59 11/08/2018
2068 03 05 09 40 42 47 14/08/2018
2069 03 17 34 35 40 48 16/08/2018
2070 05 06 27 34 42 48 18/08/2018
2071 24 33 34 35 46 60 22/08/2018
2072 10 12 13 20 22 54 25/08/2018
2073 12 15 18 30 52 55 29/08/2018
2074 08 18 23 37 42 58 01/09/2018
2075 07 09 23 33 57 59 05/09/2018
2076 05 06 12 15 22 43 08/09/2018
2077 13 16 26 35 37 39 12/09/2018
2078 01 11 15 30 36 39 15/09/2018
2079 01 02 14 37 55 58 18/09/2018
2080 10 22 40 46 55 58 20/09/2018
2081 13 18 35 40 41 42 22/09/2018
2082 06 25 33 42 48 49 26/09/2018
2083 01 18 19 33 56 60 29/09/2018
2084 07 20 26 37 38 39 03/10/2018
2085 12 21 25 37 38 49 06/10/2018
2086 04 35 43 46 47 53 10/10/2018
2087 02 18 19 23 34 53 13/10/2018
2088 03 14 24 27 38 56 17/10/2018
2089 05 10 32 38 48 49 20/10/2018
2090 08 11 18 37 40 51 23/10/2018
2091 10 11 12 37 38 59 25/10/2018
2092 11 13 15 17 22 27 27/10/2018
2093 08 14 27 34 52 54 31/10/2018
2094 04 16 19 31 33 44 03/11/2018
2095 16 29 35 43 49 56 07/11/2018
2096 06 11 13 19 24 51 10/11/2018
2097 09 24 28 45 49 51 14/11/2018
2098 02 08 18 27 38 60 17/11/2018
2099 05 15 20 27 30 58 21/11/2018
2100 01 10 11 13 35 49 24/11/2018
2101 02 08 18 37 56 58 28/11/2018
2102 04 06 17 34 51 57 01/12/2018
2103 03 13 40 44 46 50 04/12/2018
2104 02 10 12 27 45 56 06/12/2018
2105 11 13 16 24 31 46 08/12/2018
2106 03 27 36 39 40 43 12/12/2018
2107 08 38 44 50 56 60 15/12/2018
2108 19 22 29 41 44 59 18/12/2018
2109 04 12 16 34 44 49 20/12/2018
2110 05 10 12 18 25 33 31/12/2018
2111 01 41 44 46 54 58 02/01/2019
2112 17 39 43 46 52 53 05/01/2019
2113 11 14 21 25 46 50 09/01/2019
2114 17 25 30 35 42 57 12/01/2019
2115 04 19 27 35 40 44 15/01/2019
2116 01 09 19 21 34 54 17/01/2019
2117 04 28 29 30 43 52 19/01/2019
2118 11 12 20 40 41 46 23/01/2019
2119 19 21 26 31 42 49 26/01/2019
2120 13 20 24 25 38 41 30/01/2019
2121 08 10 17 29 37 40 02/02/2019
2122 03 11 15 21 27 49 06/02/2019
2123 14 15 47 50 56 59 09/02/2019
2124 02 11 20 31 43 47 13/02/2019
2125 01 31 44 46 53 58 16/02/2019
2126 07 12 24 27 39 58 20/02/2019
2127 01 07 28 30 44 46 23/02/2019
2128 11 16 24 46 54 55 26/02/2019
2129 06 12 31 32 46 60 28/02/2019
2130 13 16 36 53 54 55 02/03/2019
2131 02 03 06 18 20 28 06/03/2019
2132 05 18 30 35 39 60 09/03/2019
2133 19 20 26 51 52 57 13/03/2019
2134 06 21 34 46 54 59 16/03/2019
2135 09 23 28 40 48 59 20/03/2019
2136 01 08 11 22 30 35 23/03/2019
2137 01 02 11 12 34 49 27/03/2019
2138 04 13 14 21 30 34 30/03/2019
2139 14 23 29 41 57 58 03/04/2019
2140 17 20 26 36 42 54 06/04/2019
2141 10 11 17 19 37 41 10/04/2019
2142 07 40 44 50 52 57 13/04/2019
2143 02 12 35 51 57 58 17/04/2019
2144 07 16 21 33 55 60 20/04/2019
2145 06 08 28 51 53 59 24/04/2019
2146 16 18 31 39 42 44 27/04/2019
2147 17 19 37 41 42 49 02/05/2019
2148 08 15 32 33 58 59 04/05/2019
2149 21 23 37 44 46 48 08/05/2019
2150 23 24 26 38 42 49 11/05/2019
2151 02 14 18 29 36 38 15/05/2019
2152 26 29 36 49 50 59 18/05/2019
2153 08 13 28 31 32 33 22/05/2019
2154 07 25 41 47 50 53 25/05/2019